4350,Choupo-Moting,0,1997.86,1997.86,0,0,0
18,Coman,0,2060.279,2079.281,1,0.03451496,0.5201961
6678,Davies,0,2040.22,2038.21,0,0,0
4788,Fein,0,1996.09,1996.09,0,0,0
9481,Gnabry,0,2112.135,2114.551,1,0.7773119,0.7603757
9994,Goretzka,0,2067.11,2067.11,0,0,0
4777,Hernandez,0,2064.912,2067.971,3,0.2675867,0.2693384
7346,Kimmich,0,2052.801,2053.218,3,0.733371,0.5097524
3502,Lewandowski,0,2098.981,2147.659,3,0.4961757,0.8997721
3335,M.Tillman,0,2002.2,2002.2,0,0,0
7529,Mueller,0,2114.567,2127.064,2,0.4967252,0.7029672
6797,Musiala,0,2015.293,2044.377,1,0.227642,0.7491524
506,Neuer,0,2097.22,403.094,0,0,0
6288,Nianzou,0,1990.76,2002.98,0,0,0
805,Pavard,0,2036.649,2029.938,3,0.9486721,0.3517222
6782,Richards,0,2017.347,2008.24,2,0.05476091,0.2773883
7723,Roca,0,2012.57,2012.57,0,0,0
1472,Sabitzer,0,2006.469,2018.256,3,0.7080747,0.7125927
2512,Sane,0,2020.548,2051.371,2,0.1186002,0.822041
197,Sarr,0,2022.63,2022.63,0,0,0
9269,Stanisic,0,2015.03,2007.69,0,0,0
2738,Sule,0,2031.766,2053.01,1,0.5016516,0.2732825
1063,Tolisso,0,2040.326,2050.047,2,0.2184515,0.5122284
7206,Ulreich,0,1929.585,1408.63,3,0.5114855,0
9986,Upamecano,0,2030.972,2053.239,3,0.7384009,0.2693517
513,Wanner,0,1996.09,1996.09,0,0,0
9053,Adams,1,2025.906,2022.434,1,0.6419578,0.5179515
4950,Clark,1,1997.59,1997.59,0,0,0
1006,Forsberg,1,1986.367,2030.893,2,0.5900514,0.709421
7999,Gulacsi,1,2089.212,267.408,2,0.5016517,0
6324,Gvardiol,1,2043.158,2017.906,1,0.1349714,0.2705719
2332,Haidara,1,2040.744,2032.98,2,0.4281904,0.4989432
8414,Halstenberg,1,2018.84,2029.58,0,0,0
3204,Henrichs,1,1994.689,2005.23,1,0.04494148,0.6741
7546,Kampl,1,2079.21,2079.21,0,0,0
7511,Klostermann,1,2043.17,2035.193,1,0.8614955,0.2710379
30,Laimer,1,1984.62,1984.62,0,0,0
7070,Mukiele,1,2035.746,2073.651,2,0.9429831,0.6004754
3624,Nkunku,1,2031.564,2076.49,1,0.2659236,0.8990173
2772,Novoa,1,2038.52,2039.27,0,0,0
1557,Olmo,1,2039.47,2043.15,0,0,0
485,Orban,1,2093.512,2094.346,2,0.5008194,0.2808069
5108,Poulsen,1,2031.658,2090.858,2,0.7341884,0.8914447
548,Samardzic,1,1972.54,1972.54,0,0,0
5256,Silva,1,2058.64,2079.21,0,0,0
736,Simakan,1,2041.202,2014.029,2,0.4877793,0.2673983
4565,Sorloth,1,1997.55,1984.21,0,0,0
2265,Szoboszlai,1,1984.056,2016.081,2,0.3002161,0.7790058
6242,Tasende(Angelino),1,2040.796,2054.954,1,0.04441887,0.5179515
7766,Tschauner,1,1973.18,1973.18,0,0,0
7391,Arnold,2,2024.96,2024.318,2,0.6701281,0.5639381
8156,Baku,2,2058.408,2041.631,2,0.9569647,0.5572833
7273,Bialek,2,2000.12,2000.12,0,0,0
6592,Bornauw,2,1988.182,1971.245,2,0.4991816,0.2803364
2758,Brekalo,2,2065.11,2071.13,0,0,0
6796,Brooks,2,2046.311,2037.997,2,0.1621993,0.2736024
1607,Casteels,2,2047.975,319.657,2,0.4991747,0
8551,Gerhardt,2,2009.58,2020.1,0,0,0
5695,Kruse,2,2050.359,2093.973,2,0.2362039,0.7808729
1709,L.Waldschmidt,2,1991.64,1957.52,0,0,0
5500,Lacroix,2,2037.998,2052.359,2,0.8681867,0.2837233
7195,Lukebakio,2,1978.34,1964.44,0,0,0
1317,Mbabu,2,1979.97,1995.43,0,0,0
2586,Nmecha,2,1990.87,1979.52,0,0,0
6897,Otavio,2,1996.53,1996.33,0,0,0
6646,Paredes,2,2009.58,2009.58,0,0,0
9745,Pervan,2,1970.65,1790.84,0,0,0
9512,Phillip,2,2000.174,1999.165,2,0.758067,0.7730958
9336,Roussillon,2,2012.062,2024.31,2,0.02907352,0.5661432
8146,Schlager,2,2015.87,2015.87,0,0,0
9725,Steffen,2,2058.65,2013.74,0,0,0
4813,Vranckx,2,1996.674,2009.603,2,0.3224716,0.5694904
8221,Wind,2,2011.915,2027.443,2,0.4991609,0.8976489
9315,Ache,3,1989.77,1989.77,0,0,0
9232,Barkok,3,2029.63,2039.56,0,0,0
4656,Borre_Maury,3,2016.935,2030.456,1,0.704612,0.8769667
2295,Chandler,3,1996.172,1972.937,1,0.06458237,0.6718949
9776,Da_Costa,3,2083.83,2068.346,1,0.9605332,0.5954041
1509,Dost,3,1993.55,1993.55,0,0,0
7952,Durm,3,1972.98,1955.99,0,0,0
1502,Hasebe,3,2034.41,2047.15,0,0,0
8852,Hauge,3,1998.87,1978.02,0,0,0
3302,Hinteregger,3,2079.017,2051.634,2,0.5008175,0.284741
2422,Hrustic,3,1991.684,1985.449,1,0.6683663,0.5931596
5191,Ilsanker,3,1959.38,1946.63,0,0,0
4765,Jakic,3,2027.832,2010.679,1,0.5049097,0.4866689
182,Jovic,3,2002.97,2002.09,0,0,0
4338,Kamada,3,2057.46,2074.01,0,0,0
1477,Knauff,3,1974.167,1972.976,1,0.75255,0.8153819
1624,Kostic,3,2002.597,1989.252,2,0.5749459,0.7335374
1061,Lammers,3,2002.82,1995.41,0,0,0
7774,Lenz,3,2074.544,2055.01,1,0.02460892,0.5931596
375,Lindstroem,3,2010.496,2014.252,2,0.39935,0.8999869
2757,N'Dicka,3,2007.625,2005.31,2,0.4936302,0.2824963
4741,Ramaj,3,2002.47,1800.11,0,0,0
6783,Rode,3,1975.312,1955.955,1,0.3428562,0.6763051
4967,Schubert,3,1989.77,1989.77,0,0,0
7364,Silva_Melo(Tuta),3,2009.865,1998.4,2,0.5006249,0.2824963
711,Sow,3,1997.519,1971.852,2,0.4680587,0.6313851
9591,Toure,3,2027.54,2027.54,0,0,0
228,Trapp,3,2038.165,316.304,2,0.5008243,0
313,Zuber,3,1991.49,1991.49,0,0,0
6558,Adli,4,2015.367,2059.131,1,0.1333324,0.7931738
7553,Alario,4,2002.209,2019.734,1,0.5016496,0.923126
1595,Andrich,4,2030.445,2046.223,1,0.2135407,0.4778486
7055,Aranguiz,4,2026.689,2030.882,1,0.7393448,0.5056175
223,Arias,4,1985.88,1985.88,0,0,0
5532,Azmoun,4,2028.57,2028.57,0,0,0
7710,Bailey,4,2031.19,2021.99,0,0,0
4754,Bakker,4,2008.499,2008.382,1,0.04771819,0.2789059
6044,Baumgartlinger,4,2021.92,2021.92,0,0,0
6317,Bellarabi,4,2015.32,2038.51,0,0,0
950,Demirbay,4,2017.006,2032.665,1,0.8175586,0.488874
3806,Diaby,4,2065.959,2177.982,2,0.8903458,0.8065225
7454,Dragovic,4,2010.56,2001.69,0,0,0
8397,Fosu-Mensah,4,1987.22,1987.22,0,0,0
7850,Frimpong,4,1974.3,2005.424,2,0.4985822,0.2614887
1473,Gray,4,1966.47,1966.47,0,0,0
1543,Grill,4,1993.61,1787.58,0,0,0
9691,Hincapie,4,1980.369,2006.044,1,0.9566954,0.244111
2933,Hradecky,4,2031.449,323.805,2,0.5000196,0
6100,Jedvaj,4,2008.98,2008.98,0,0,0
7880,Kossounou,4,2003,2005.83,0,0,0
5884,L.Bender,4,2039.73,2039.73,0,0,0
7735,Palacios,4,2066.785,2071.336,1,0.247448,0.5168408
2921,Paulinho,4,1996.357,2042.711,1,0.1335524,0.8153819
650,S.Bender,4,2044.72,2044.72,0,0,0
790,Schick,4,2041.079,2131.156,1,0.5032728,0.887992
1375,Sinkgraven,4,2039.33,2032.39,0,0,0
4978,Tah,4,2005.304,2019.409,2,0.4867387,0.255877
5928,Tapsoba,4,2022.619,2053.642,2,0.5296214,0.2647963
8796,Weiser,4,1981.65,1981.65,0,0,0
9740,Wendell,4,2012.48,2012.48,0,0,0
9708,Wirtz,4,2023.766,2047.875,2,0.505742,0.7052414
6648,Akanji,5,1999.06,2049.33,0,0,0
9862,Bellingham,5,2092.859,2091.092,3,0.2980283,0.5876923
3687,Brandt,5,2039.491,2066.549,1,0.7162374,0.8995452
5527,Burki,5,2023.64,1646.71,0,0,0
6854,Can,5,2041.153,2029.744,3,0.8682077,0.2697181
2517,Dahoud,5,2084.917,2093.59,3,0.6872357,0.5796202
5992,Delaney,5,2053.44,2053.44,0,0,0
7011,Guerreiro,5,2017.306,2067.565,3,0.0365683,0.5846994
4576,Haaland,5,2081.25,2123.68,0,0,0
9990,Hazard,5,2021.358,2046.34,3,0.9514055,0.5810639
7202,Hitz,5,2028.56,1671.68,0,0,0
695,Hummels,5,2071.904,2068.196,3,0.5032696,0.2800876
978,Kobel,5,2028.946,346.022,3,0.4994548,0
6181,Malen,5,2009.065,2051.593,3,0.4213372,0.8825771
9385,Meunier,5,1985.46,2022.65,0,0,0
4848,Morey,5,2018.43,2018.43,0,0,0
8755,Moukoko,5,1985.43,1975.01,0,0,0
496,Passlack,5,1976.8,1992.59,0,0,0
946,Pisczek,5,2017.59,2029.34,0,0,0
8953,Pongracic,5,1991.214,1998.257,1,0.1451091,0.2755271
4704,Reus,5,2058.061,2131.51,2,0.2446429,0.7916207
4697,Reyna,5,2084.631,2115.653,2,0.7561756,0.7894156
1593,Schmelzer,5,1988.33,1988.33,0,0,0
643,Schulz,5,1970.94,1987.31,0,0,0
8175,Witsel,5,2000.064,2033.156,1,0.4950491,0.5987595
5249,Wolf,5,2017.04,2007.26,0,0,0
7436,Zagadou,5,2004.55,1991.634,2,0.1480656,0.2899669
6354,Awoniyi,6,2018.385,2000.45,1,0.2462788,0.8659412
9954,Baumgartl,6,2029.386,2006.197,2,0.3267003,0.2946439
7250,Becker,6,2035.99,2028.83,2,0.5050955,0.767841
6750,Behrens,6,1917.85,1924.51,0,0,0
6917,Bulter,6,2018.57,2018.57,0,0,0
4792,Dajaku,6,2004.51,2004.51,0,0,0
753,Endo,6,2011.71,2011.71,0,0,0
6739,Gentner,6,2006.79,2006.79,0,0,0
9044,Giesselmann,6,2013.644,2020.702,1,0.03946485,0.7053931
2020,Gogia,6,2004.51,2004.51,0,0,0
2366,Haraguchi,6,1958.754,1987.325,1,0.6733183,0.7098824
3045,Heintz,6,1977.659,1973.589,1,0.8273798,0.3014429
7822,Jaeckel,6,1966.649,1923.459,2,0.5046966,0.2958058
2489,Jensen,6,2004.51,2004.51,0,0,0
1882,Khedira,6,2013.041,2002.445,2,0.5008243,0.545698
4467,Knoche,6,2074.868,2056.149,1,0.499999,0.2856399
9107,Luthe,6,2072.06,287.2,2,0.4991874,0
2158,Michel,6,1936.39,1936.157,1,0.7422608,0.8725564
2208,Mohwald,6,1968.51,1968.51,0,0,0
7768,Musa,6,2018.54,2007.88,0,0,0
9466,Oczipka,6,1985.227,1978.19,1,0.9812489,0.5836921
2485,Oeztunali,6,1975.57,1975.57,0,0,0
4884,Pohjanpalo,6,2033.4,2024.08,0,0,0
3698,Promel,6,2051.221,2047.655,2,0.5311689,0.6511578
2056,Ronnow,6,2006.77,1800.02,0,0,0
9125,Ryerson,6,2014.122,1999.217,1,0.02857055,0.5903072
2701,Schaefer,6,2030.52,2030.52,0,0,0
6359,Trimmel,6,2042.064,2057.222,1,0.9539308,0.7053931
2441,Ujah,6,2004.51,2004.51,0,0,0
810,Voglsammer,6,1957.146,1992.781,1,0.2540506,0.9141473
6263,Chang-Hoon,7,1990.16,1990.16,0,0,0
3676,Demirovic,7,2047.9,2061.42,0,0,0
1869,Flekken,7,2051.568,310.539,2,0.502475,0
1839,Grifo,7,2072.583,2069.135,2,0.3242244,0.8460951
4494,Gulde,7,2013.82,2015.09,0,0,0
8120,Gunter,7,2033.837,2023.306,2,0.1659191,0.3937731
1962,Haberer,7,1959.96,1959.96,0,0,0
934,Hofler,7,2076.514,2072.453,2,0.1928937,0.6606388
7105,Holer,7,2016.51,2014.57,0,0,0
7514,K.Schlotterbeck,7,1984.761,1994.05,1,0.6898799,0.2639567
3984,Keitel,7,1970.05,1970.05,0,0,0
2684,Kubler,7,2019.101,2005.094,1,0.942376,0.2789059
6615,Lienhart,7,2067.06,2054.593,2,0.4990087,0.2780663
6626,M.Eggestein,7,1995.954,1996.904,2,0.7580522,0.5216599
1744,N.Schlotterbeck,7,2077.786,2064.382,2,0.6573688,0.2736166
4753,Petersen,7,1992.982,2027.888,1,0.5049509,0.9343493
8141,Sallai,7,1998.619,1992.445,2,0.6865306,0.7624013
8826,Santamaria,7,2002.24,2002.24,0,0,0
7839,Schade,7,2009.61,2006.64,0,0,0
292,Schmid,7,2013.151,2009.391,1,0.06130852,0.2838023
8695,Sildillia,7,2001.39,2001.39,0,0,0
218,Siquet,7,2034.51,2034.51,0,0,0
9818,Til,7,1987.03,1987.03,0,0,0
7666,Uphoff,7,1966.26,1609.91,0,0,0
9871,Woo-Yeong,7,1977.406,1983.475,2,0.6784285,0.7715916
6058,Ahamada,8,1973.43,1973.43,0,0,0
9599,Aidonis,8,1998.59,1998.59,0,0,0
3739,Anton,8,2016.182,2008.573,2,0.3339849,0.2713776
5125,Badstuber,8,1998.59,1998.59,0,0,0
7721,Bredlow,8,1994.54,1609.51,0,0,0
2397,Churlinov,8,1998.59,1998.59,0,0,0
2950,Coulibaly,8,1982.02,1966.89,0,0,0
6335,Didavi,8,1986.3,1986.98,0,0,0
6166,Egloff,8,1998.59,1998.59,0,0,0
8375,Endo,8,2011.622,2004.303,2,0.7883222,0.5953041
6812,Forster,8,2014.95,2021.78,0,0,0
5827,Fuehrich,8,1907.308,1934.223,2,0.101063,0.7661378
7998,Gonzalez,8,1980.26,1980.26,0,0,0
8489,Grahl,8,1998.59,1998.59,0,0,0
2578,Ito,8,2013.481,2004.944,1,0.06422681,0.2643039
4053,Kalajdzic,8,2039.54,2039.89,0,0,0
2807,Kaminski,8,2000.64,2000.64,0,0,0
4179,Karazor,8,2038.283,2022.658,2,0.5008186,0.5930792
3217,Klimovicz,8,2001.57,2002.44,0,0,0
220,Mack,8,1998.59,1998.59,0,0,0
6138,Mangala,8,2024.655,2021.236,2,0.2157839,0.5919371
3898,Marmoush,8,1943.166,1948.179,1,0.9605352,0.6122276
3558,Massimo,8,1966.83,1966.83,0,0,0
6720,Mavropanos,8,2040.029,2034.897,2,0.6676521,0.2702553
4939,Mola,8,1998.59,1998.59,0,0,0
5618,Muller,8,2013.351,390.988,2,0.5049313,0
2632,Nartey,8,2009.59,2009.59,0,0,0
84,Sosa,8,2043.838,2044.429,1,0.05639788,0.2917213
9383,Stenzel,8,2008.019,1996.939,2,0.9346945,0.2747445
2989,Thommy,8,1999.66,2007.66,0,0,0
9412,Tibidi,8,1998.31,1993.73,0,0,0
616,Tomas,8,2008.979,2009.269,2,0.4983425,0.9086545
9905,Wamangituka,8,2015.983,2003.152,1,0.8224694,0.9245769
4471,Benes,9,1974.74,1974.74,0,0,0
3628,Bensebaini,9,1995.058,2035.879,2,0.0266251,0.5518441
5375,Beyer,9,2005.327,2004.569,1,0.1352031,0.2676826
7961,Doucoure,9,1980.97,1980.97,0,0,0
1219,Elvedi,9,2010.414,2031.661,2,0.3166805,0.2646973
6384,Embolo,9,2031.14,2037.39,1,0.498364,0.8968122
3767,Friedrich,9,2052.12,2048.04,1,0.4885426,0.2793922
6673,Ginter,9,2023.587,2036.943,2,0.8690395,0.2691866
666,Herrmann,9,2005.83,1998.76,0,0,0
3980,Hofman,9,2064.725,2036.809,2,0.7366771,0.7622033
6423,Jantschke,9,2022,1997.69,0,0,0
9019,Kone,9,2005.03,2005.03,1,0.6636914,0.5395906
1057,Kramer,9,2006.001,2011.763,1,0.6700171,0.5662235
6979,Kurt,9,1980.97,1980.97,0,0,0
7156,Lainer,9,2028.065,2042.241,2,0.947948,0.5562344
5568,Lang,9,1980.97,1980.97,0,0,0
2302,Lazaro,9,2029.72,2029.72,0,0,0
8975,Netz,9,2009.07,1998.42,0,0,0
9525,Neuhaus,9,2073.521,2071.153,2,0.3117973,0.552907
2595,Plea,9,2068.754,2054.599,2,0.2665829,0.7655109
9603,Scally,9,2013.18,2005.9,0,0,0
3572,Sippel,9,2005.03,2005.03,0,0,0
9505,Sommer,9,2007.65,284.567,2,0.4967262,0
9041,Stindl,9,1997.93,2003.02,0,0,0
9947,Thuram,9,2044.057,2023.905,1,0.5033004,0.9343493
1952,Traore,9,1980.97,1980.97,0,0,0
87,Villalba,9,1980.97,1980.97,0,0,0
6589,Wendt,9,1976.92,1976.92,0,0,0
4508,Akpoguma,10,1995.55,1989.07,0,0,0
4752,Baumann,10,2068.667,289.216,2,0.5008243,0
8362,Baumgartner,10,2080.113,2118.987,2,0.6987454,0.5983486
1150,Bebou,10,2025.272,2073.48,2,0.2716646,0.7554953
7499,Beier,10,1975.08,1975.08,0,0,0
3090,Bikakcic,10,1996.44,1996.44,0,0,0
2164,Bruun_Larsen,10,1989.05,1999.81,0,0,0
7667,Che,10,2012.57,2012.57,0,0,0
7496,Dabbur,10,2007.76,2038.897,1,0.7209812,0.887992
3512,Geiger,10,1999.137,1999.763,1,0.334933,0.604383
9080,Grillitsch,10,2069.7,2052.95,1,0.499999,0.2901292
5663,Hubner,10,2004.484,1980.006,2,0.509284,0.2802714
8742,Kaderabek,10,2021.16,2041.22,1,0.962184,0.5998935
3681,Kramaric,10,2024.021,2084.612,2,0.255887,0.7094202
3318,Nordtveit,10,2002.3,2002.3,0,0,0
6756,Nuhu,10,2019.94,2019.94,0,0,0
4696,Pentke,10,1976.27,1782.56,0,0,0
6517,Posch,10,2037.369,2032.156,2,0.4939604,0.2835988
9589,Raum,10,1956.496,1963.901,2,0.5029564,0.6006528
6572,Richards,10,2041.7,2058.4,0,0,0
4859,Rudy,10,1990.95,1990.95,0,0,0
5298,Rutter,10,1969.287,1981.829,2,0.5182114,0.8460753
9231,Samassekou,10,2062.731,2058.311,1,0.501636,0.6013327
5393,Sessegnon,10,1983.52,1997.48,0,0,0
6463,Skov,10,2018.98,2024.23,0,0,0
8620,Stiller,10,1984.55,1973.88,0,0,0
4129,Vogt,10,1978.991,1972.358,1,0.5081835,0.2882125
6115,Agu,11,2037.32,2037.32,0,0,0
7686,Augustinsson,11,2007.157,1995.669,1,0.9419634,0.2784908
2183,Bittencourt,11,2000.16,2000.16,0,0,0
6274,Dinkci,11,2017.318,2017.158,1,0.1840764,0.6158668
1232,Erras,11,2017.71,2015.154,1,0.6129454,0.3247974
5034,Friedl,11,2014.71,2022.69,1,0.6800584,0.2718756
9715,Fullkrug,11,2016.453,1992.758,1,0.8912193,0.8209385
9906,Gebre_Selassie,11,2019.061,2007.771,1,0.07276695,0.2718756
8073,Gross,11,1969.551,1971.967,1,0.3788681,0.9289871
3105,Mbom,11,2036.371,2036.492,1,0.3395822,0.5342792
4653,Moisander,11,2010.26,1991,0,0,0
480,Osako,11,1991.911,1993.021,1,0.7749991,0.7702219
8451,Pavlenka,11,2035.865,1649.11,2,0.5024543,0
8041,Rashica,11,1997.837,1991.751,2,0.09486514,0.8573223
9077,Sargent,11,2019.724,1995.349,2,0.5081836,0.9477302
2787,Schmid,11,2035.96,2035.96,0,0,0
7228,Toprak,11,2010.174,2016.455,1,0.3985109,0.3049518
1286,Veljkovic,11,2024.193,2021.398,2,0.3043889,0.3038492
5785,Woltemade,11,2012.057,2005.743,2,0.447618,0.679814
8238,Zetterer,11,2008.692,2008.623,2,0.6366806,0.5783806
6125,Bazee,12,1979.99,1979.99,0,0,0
7458,Caligiuri,12,1967.671,1964.225,1,0.9489787,0.5639789
9345,Cordova,12,1971.34,1974.63,0,0,0
3316,Dorsch,12,2009.273,2010.218,2,0.3265972,0.5821655
1910,Finnbogason,12,1974.53,1974.53,0,0,0
4995,Framberger,12,2023.229,2001.774,1,0.9419634,0.2762858
311,Gikiewicz,12,2044.328,282.327,2,0.499999,0
9034,Gouweleeuw,12,2039.215,1997.43,2,0.5859434,0.2853928
4627,Gregoritsch,12,2001.835,2046.854,2,0.6334411,0.8407789
7014,Gruezo,12,1955.18,1959.674,1,0.6604159,0.6026363
887,Gumny,12,2019.83,2005.15,0,0,0
4938,Hahn,12,1983.584,1999.801,1,0.9370526,0.6048415
6118,Iago,12,2042.666,2009.434,1,0.05312412,0.2895162
8530,Jensen,12,1972.02,1972.02,0,0,0
3597,Koubek,12,1979.99,1979.99,0,0,0
4161,Maier,12,1987.689,1984.096,1,0.6551611,0.5594895
1523,Moravek,12,2006.16,2006.16,0,0,0
4690,Niederlechner,12,1993.537,2026.005,1,0.2708324,0.9223719
6200,Oxford,12,2060.865,2000.834,2,0.5939835,0.278738
4356,Pedersen,12,1966.17,1969.941,1,0.05432078,0.5617342
9485,Pepi,12,1999.901,2006.555,1,0.7294407,0.8894559
5386,Seong-Hoon,12,1979.99,1979.99,0,0,0
9068,Strobl,12,1970.64,1970.64,0,0,0
7581,Suchy,12,1977.27,1977.27,0,0,0
9469,Uduokhai,12,2007.169,2018.809,1,0.1451071,0.2789059
1040,Vargas,12,1964.849,1977.503,2,0.1602038,0.750397
1908,Winther,12,1983.93,1998.85,0,0,0
9324,Zeqiri,12,2008.07,2010.77,0,0,0
8186,Andersson,13,1994.15,1972.022,1,0.501636,0.9113466
8347,Arokodare,13,1988.82,1988.82,0,0,0
5104,Arrey_Mbi,13,1997.59,1997.59,0,0,0
7660,Chabot,13,2007.57,2007.57,0,0,0
1646,Dennis,13,1993.14,1993.14,0,0,0
3446,Drexler,13,2005.85,1999.95,0,0,0
9642,Duda,13,2015.02,2021.34,0,0,0
9036,Ehizibue,13,1955.33,1980.86,0,0,0
2636,Hector,13,2035.848,1976.659,2,0.03890188,0.2724603
4709,Hoger,13,1979,1979,0,0,0
7646,Horn,13,2019.538,709.267,1,0.4934514,0
7752,Horn,13,1956.68,1969.07,0,0,0
673,Huebers,13,1980.255,1910.902,2,0.3298926,0.2691724
1216,Jakobs,13,2028.9,2013.05,0,0,0
2330,Kainz,13,2045.529,2030.892,2,0.1407958,0.8054257
966,Kilian,13,2010.348,1970.589,2,0.6569365,0.2635608
1467,Limnios,13,1985.17,1985.17,0,0,0
3241,Ljubicic,13,2038.488,2039.309,1,0.8535706,0.801093
1765,Meyer,13,1974.45,1974.45,0,0,0
7100,Modeste,13,2012.798,2051.79,1,0.4983504,0.8973005
4094,Ozcan,13,2020.719,2005.047,2,0.2345739,0.5174732
7368,Perez,13,1982.43,1983.46,0,0,0
2081,Schaub,13,2017.57,2017.57,0,0,0
3658,Schindler,13,1915.11,1913.05,0,0,0
4112,Schmitz,13,2049.288,1987.491,2,0.9487388,0.2690933
9100,Schwaebe,13,2028.47,784.147,1,0.5033023,0
3878,Skhiri,13,2024.017,2008.807,2,0.7506527,0.5107788
7586,Thielmann,13,2009.737,2018.986,1,0.8614955,0.8209817
6232,Uth,13,1971.916,2012.959,2,0.4975309,0.6987112
8682,Zieler,13,1988.82,1988.82,0,0,0
1076,Albrecht,14,1973.09,1973.09,0,0,0
8448,Alderette,14,2001.99,1977.75,0,0,0
5113,Ascacibar,14,1996.21,1996.21,1,0.499999,0.591611
7369,Belfodil,14,1960.965,2009.485,2,0.2007766,0.913124
6333,Bjoerkan,14,1997.324,1995.856,2,0.06113078,0.2647029
5817,Boyata,14,1999.407,1975.823,1,0.6320539,0.2575698
6994,Cordoba,14,1985.94,1979.37,0,0,0
1460,Cunha,14,1980.82,1982.87,0,0,0
6658,Dardai,14,1991.31,1998.65,0,0,0
1896,Darida,14,1994.11,1994.77,2,0.4970976,0.6085147
5187,Dilrosun,14,1977.38,1997.61,0,0,0
5436,Ekkelenkamp,14,2007.32,2005.35,0,0,0
2678,Gechter,14,2005.981,2009.229,2,0.5026205,0.2669476
8731,Guendouzi,14,2024.43,2024.43,0,0,0
2749,Jarstein,14,1992.72,1992.72,0,0,0
8777,Jovetic,14,2003.241,2017.549,2,0.4967056,0.9066077
7889,K.Boateng,14,2000.6,2000.6,0,0,0
1840,Kempf,14,2008.23,2014.63,1,0.3346716,0.2718756
7910,Klunter,14,2044.91,2018.3,0,0,0
4278,Leckie,14,1963.68,1953.12,0,0,0
483,Lee,14,2006.57,2006.57,0,0,0
3927,Lotka,14,2000,1997,1,0.5000011,0
4502,Maolida,14,2003.05,2005.73,0,0,0
5571,Mittelstadt,14,1966.04,1993.55,0,0,0
1912,Ngankam,14,1962.56,1948.68,0,0,0
4804,Nsona,14,1996.59,1996.59,0,0,0
6977,Pekarik,14,1980.567,1970.423,2,0.9388762,0.2714567
3159,Plattenhardt,14,1977.55,1983.91,0,0,0
2645,Radonkic,14,1970.45,1976.58,0,0,0
7412,Redan,14,1973.09,1973.09,0,0,0
1170,Richter,14,2002.078,2048.522,2,0.7893126,0.9109981
7638,Schwolow,14,1995.59,229.469,1,0.4967252,0
5303,Selke,14,2002.43,1985.51,0,0,0
5030,Serdar,14,1939.003,1966.636,1,0.1797729,0.6054935
5443,Stark,14,1980.47,1985.06,0,0,0
792,Tousart,14,1965.62,1981.25,2,0.6480986,0.6030614
7780,Andrade,15,2019.77,2005.66,0,0,0
1796,Bello,15,1996.59,1996.59,0,0,0
9572,Brunner,15,2075.878,2029.822,1,0.9501477,0.2784908
2953,Castro,15,2024.28,2024.28,0,0,0
5615,Consbruch,15,1972.14,1972.14,0,0,0
8666,De_Medina,15,1946.604,1944.736,1,0.9407272,0.268793
1465,Doan,15,1925.83,1925.74,0,0,0
4766,Edmundsson,15,1972.14,1972.14,0,0,0
1309,Frommann,15,1972.14,1972.14,0,0,0
9459,Gebauer,15,1967.85,1967.85,0,0,0
69,Hack,15,1914.76,1919.67,0,0,0
5938,Hartel,15,1943.97,1943.97,0,0,0
2090,Ince,15,1996.59,1996.59,0,0,0
895,Kapino,15,1941.21,1404.36,0,0,0
7955,Klos,15,1940.26,1936.05,0,0,0
8694,Krueger,15,1906.69,1960.78,0,0,0
4555,Kunze,15,1975.565,1961.321,2,0.498542,0.4961885
2885,Lasme,15,1928.22,1922.46,0,0,0
4284,Laursen,15,1991.272,1954.85,2,0.05370967,0.2792735
1923,Nilsson,15,2069.483,2021.582,2,0.3356493,0.2781709
7567,Okugawa,15,2040.954,2025.839,2,0.1564633,0.8009561
524,Ortega_Moreno,15,2040.394,311.995,2,0.4967056,0
7577,Pieper,15,2034.31,1996.74,0,0,0
2272,Prietl,15,1989.97,1989.97,0,0,0
4040,Ramos,15,2020.121,2002.806,2,0.6569297,0.2747445
9343,Rehnen,15,1972.14,1972.14,0,0,0
6297,Schipplock,15,1959.73,1959.73,0,0,0
4592,Schopf,15,1986.013,1972.544,2,0.5016438,0.6693918
1439,Serra,15,1948.457,1980.669,2,0.5,0.9009367
3867,Soukoou,15,1956.3,1956.3,0,0,0
4200,Van_der_Hoorn,15,1951.56,1951.56,0,0,0
1182,Vasilladis,15,2022.864,2008.673,2,0.4997593,0.5039854
5144,Vlap,15,1964.57,1964.57,0,0,0
7796,Wimmer,15,1932.734,1962.506,2,0.8484819,0.8131434
2771,Yabo,15,1978.28,1978.28,0,0,0
178,Barreiro,16,2084.09,2084.09,0,0,0
9946,Bell,16,2036.15,2054.106,2,0.8640944,0.2702354
4231,Boetius,16,1976.74,1976.83,0,0,0
9731,Brosinski,16,1960.97,1954.75,0,0,0
7004,Burgzorg,16,2007.58,2007.58,0,0,0
7068,Burkardt,16,1983.432,2006.379,2,0.7825655,0.7588222
4717,Caricol,16,2006.6,2006.6,0,0,0
5006,Dahmen,16,1959.06,1763.85,0,0,0
211,Fernandes,16,1960.45,1960.45,0,0,0
8248,Glatzel,16,1982.01,1984.74,0,0,0
549,Hack,16,2003.285,2002.665,2,0.5040923,0.2869912
5984,Hanin,16,1978.96,1978.96,0,0,0
1264,Ingvartsen,16,1981.91,1978.08,0,0,0
3721,Kohr,16,2049.117,2065.432,2,0.3068866,0.5450564
9227,Latza,16,2010.16,2010.16,0,0,0
3257,Lee,16,1912.117,1929.111,2,0.2157427,0.7576602
2469,Lucoqui,16,2037.39,2010.7,0,0,0
990,Malong,16,1949.3,1949.3,0,0,0
4289,Martin,16,2004.619,2020.968,2,0.03234733,0.5461391
2873,Mwene,16,2075.49,2075.49,0,0,0
759,Nebel,16,1978.64,1978.64,0,0,0
7633,Niakhate,16,2051.775,2054.593,2,0.1465593,0.2646435
8873,Onisiwo,16,2027.305,2060.041,2,0.5008047,0.9009169
6364,Papela,16,1978.96,1978.96,0,0,0
4407,Quaison,16,1968.41,1968.61,0,0,0
9620,St_Juste,16,2030.26,2025.23,0,0,0
4206,Stach,16,2008.833,2025.135,2,0.6889731,0.5439341
1660,Stoger,16,1967.02,1967.21,0,0,0
2070,Szalai,16,1983.85,1973.37,0,0,0
1620,Tauer,16,1976.1,1976.1,0,0,0
2523,Widmer,16,2002.059,2034.358,2,0.9528381,0.542792
6371,Zentner,16,2021.244,285.904,2,0.5057429,0
5937,Aydin,17,2005.097,1993.26,2,0.6694196,0.2882124
3370,Becker,17,2030.644,2020.777,2,0.07031252,0.2529313
2112,Bentaleb,17,1982.432,1975.798,1,0.3477689,0.2661617
5292,Boujellab,17,1987.87,1987.87,0,0,0
8703,Bozdogan,17,2026.137,2035.141,1,0.1120526,0.7623029
8241,Calhanoglu,17,1994.988,1992.038,2,0.6915178,0.4811563
803,Fahrmann,17,2018.125,1469.97,2,0.5073661,0
1186,Flick,17,1966.813,1964.637,1,0.4885426,0.6057428
4050,Harit,17,1979.53,1995.98,0,0,0
424,Hoppe,17,1991.22,1992.69,0,0,0
9118,Huntelaar,17,2009.491,2042.149,2,0.5769346,0.8813767
5247,Idrizi,17,1966.807,1964.965,2,0.3207589,0.5120272
7154,Kolasinac,17,1971.91,1971.91,0,0,0
5697,Ludewig,17,1991.32,1991.32,0,0,0
6365,Mascarell,17,1952.06,1952.06,0,0,0
659,Mendyl,17,2006.273,2003.199,1,0.894495,0.2463161
8180,Mercan,17,2018.576,2022.078,2,0.5008185,0.5869997
5031,Mustafi,17,2008.708,2007.491,1,0.9468739,0.2661617
9539,Nastasic,17,1981.36,1981.36,0,0,0
9721,Paciencia,17,1972.39,1972.39,0,0,0
4845,Raman,17,1961.91,1961.91,0,0,0
7964,Ronnow,17,1983.32,1983.32,0,0,0
7297,Sane,17,1997.31,1991.964,1,0.3232134,0.2551364
1743,Skrzybski,17,2000.586,2001.595,1,0.2855665,0.8483006
7258,Stambouli,17,1997.141,2023.453,1,0.9485108,0.7909688
4459,Thiaw,17,1999.81,1999.81,0,0,0
8585,William,17,1981.57,1981.57,0,0,0
7540,Antwi-Adjei,18,1943.094,1939.192,1,0.1808026,0.8835818
1277,Asano,18,1930.139,1944.001,1,0.797118,0.8602753
207,Bella_Kotchap,18,2023.498,1922.347,2,0.4949233,0.2713125
1092,Blum,18,1946.37,1946.37,0,0,0
8833,Bockhorn,18,1971.1,1931.48,0,0,0
3329,Bonga,18,1922.36,1933.38,0,0,0
816,Chibsah,18,1919.14,1919.14,0,0,0
8155,Decarli,18,1919.14,1919.14,0,0,0
3402,Drewes,18,1918.88,1555.93,0,0,0
3584,Eisfeld,18,1908.16,1908.16,0,0,0
4274,Ekincier,18,1919.14,1919.14,0,0,0
9852,Esser,18,1902.81,1380.29,0,0,0
3231,Gamboa,18,2025.175,1919.962,2,0.4994282,0.2802714
8431,Hartwig,18,1919.14,1919.14,0,0,0
6597,Holtmann,18,1949.957,1998.611,1,0.8273798,0.8990173
9326,Lampropoulos,18,1963.54,1930.26,0,0,0
6154,Leitsch,18,2027.676,1922.235,2,0.5157353,0.2723755
799,Locadia,18,2008.364,2029.622,1,0.4967252,0.8835818
5802,Loewen,18,2020.593,2016.576,1,0.7987687,0.5752022
1123,Losilla,18,2001.134,1987.235,2,0.5016358,0.5915354
5903,Masovic,18,1983.09,1934.39,0,0,0
5891,Osterhage,18,2026.521,2015.8,1,0.8224692,0.5704616
3037,Pantovic,18,1949.993,1950.38,2,0.1951496,0.7196795
2913,Polter,18,2006.502,2018.852,1,0.5016496,0.9074133
6484,Rexhbecaj,18,2087.135,2082.822,1,0.1863736,0.5572448
7342,Riemann,18,2072.902,366.295,2,0.5008312,0
3186,Soares,18,2058.975,1927.575,2,0.48993,0.2757425
3716,Stafylidis,18,2000.98,1981.04,0,0,0
7632,Tesche,18,1937.88,1937.88,0,0,0
1915,Weilandt,18,1919.14,1919.14,0,0,0
120,Zoller,18,1937.24,1960.43,0,0,0
5560,Zulj,18,1952.97,1952.97,0,0,0
861,Abiama,19,1923.08,1938.76,0,0,0
5045,Asta,19,1910.23,1916.44,0,0,0
3630,Barry,19,1911.13,1916.61,0,0,0
6009,Bauer,19,1968.58,1929.22,0,0,0
5402,Berggreen,19,1917.27,1917.27,0,0,0
1142,Burchert,19,1981.18,410.012,0,0,0
5704,Cavar,19,1917.27,1917.27,0,0,0
2979,Christiansen,19,2027.194,2032.515,2,0.4983631,0.4627702
2116,Dudziak,19,1923.722,1967.331,2,0.5008322,0.7586977
3371,Ernst,19,1936.39,1949.31,0,0,0
4549,Funk,19,1917.73,1407.15,0,0,0
3438,Green,19,1964.53,1964.53,0,0,0
8098,Griesbeck,19,2051.39,2043.335,2,0.652858,0.2725734
5845,Hrgota,19,1958.127,2019.028,2,0.2846507,0.9166833
9183,Itter,19,1935.69,1920.929,2,0.04550451,0.2780861
4912,Jung,19,1914.61,1915.76,0,0,0
9713,Kehr,19,1917.27,1917.27,0,0,0
4031,Leweling,19,1924.141,1964.57,2,0.7169794,0.9132767
852,Linde,19,1981.09,1779.22,2,0.502476,0
4636,Mavraj,19,1917.27,1917.27,0,0,0
5970,Meyerhofer,19,1993.563,1937.421,2,0.9569647,0.2670211
3956,Nielsen,19,1956.7,1990.24,0,0,0
8174,Pululu,19,1987.61,1987.61,0,0,0
9588,Raschl,19,1989.83,1989.83,0,0,0
8584,Seguin,19,1979.1,1986.92,2,0.7112156,0.6018344
2331,Stach,19,1931.14,1931.14,0,0,0
7434,T.Tillman,19,1934.04,1930.899,2,0.285483,0.6052014
6461,Viergever,19,2025.866,2012.081,2,0.3414198,0.2737156
4994,Willems,19,2027.68,2000.73,0,0,0
