4350,Choupo-Moting,0,1994.86,1994.86,0,0,0
18,Coman,0,2056.369,2068.799,2,0.4432242,0.6650547
6678,Davies,0,2037.22,2035.21,0,0,0
4788,Fein,0,1993.09,1993.09,0,0,0
9481,Gnabry,0,2107.377,2104.94,3,0.6016948,0.7843837
9994,Goretzka,0,2064.11,2064.11,0,0,0
4777,Hernandez,0,2062.646,2064.237,4,0.2736945,0.2658351
7346,Kimmich,0,2049.827,2044.806,5,0.7363277,0.5073584
3502,Lewandowski,0,2093.625,2137.513,5,0.4973753,0.8975365
3335,M.Tillman,0,1999.2,1999.2,0,0,0
7529,Mueller,0,2110.439,2117.863,4,0.5000132,0.6979343
6797,Musiala,0,2012.314,2036.11,2,0.2320497,0.6295879
506,Neuer,0,2094.22,400.094,0,0,0
6288,Nianzou,0,1987.76,1999.98,0,0,0
805,Pavard,0,2034.374,2023.349,4,0.945358,0.3345169
6782,Richards,0,2015.8,2000.992,4,0.05178339,0.2738415
7723,Roca,0,2009.57,2009.57,0,0,0
1472,Sabitzer,0,2003.469,2015.256,3,0.7080747,0.7125927
2512,Sane,0,2016.686,2049.233,3,0.1224845,0.8104646
197,Sarr,0,2019.63,2019.63,0,0,0
9269,Stanisic,0,2012.03,2004.69,0,0,0
2738,Sule,0,2030.245,2045.689,3,0.6090814,0.2682714
1063,Tolisso,0,2037.346,2047.027,3,0.2319692,0.5059056
7206,Ulreich,0,1929.688,1402.63,5,0.5091967,0
9986,Upamecano,0,2029.439,2045.978,5,0.7013996,0.2688311
513,Wanner,0,1993.09,1993.09,0,0,0
9053,Adams,1,2024.406,2020.934,1,0.6419578,0.5179515
4950,Clark,1,1996.09,1996.09,0,0,0
1006,Forsberg,1,1983.655,2026.837,3,0.5622165,0.7149875
7999,Gulacsi,1,2087.265,264.408,3,0.5021921,0
6324,Gvardiol,1,2040.932,2014.52,2,0.1349704,0.2679162
2332,Haidara,1,2038.232,2029.2,3,0.3882873,0.5114569
8414,Halstenberg,1,2017.34,2028.08,0,0,0
3204,Henrichs,1,1993.189,2003.73,1,0.04494148,0.6741
7546,Kampl,1,2076.693,2075.423,1,0.6555049,0.5408944
7511,Klostermann,1,2040.939,2031.801,2,0.8632622,0.2703542
30,Laimer,1,1983.12,1983.12,0,0,0
7070,Mukiele,1,2033.223,2069.855,3,0.9497364,0.5828201
3624,Nkunku,1,2028.65,2072.155,2,0.268378,0.9084895
2772,Novoa,1,2037.02,2037.77,0,0,0
1557,Olmo,1,2037.97,2041.65,0,0,0
485,Orban,1,2091.256,2090.918,3,0.5010916,0.2851801
5108,Poulsen,1,2028.754,2086.536,3,0.7325141,0.8973436
548,Samardzic,1,1971.04,1971.04,0,0,0
5256,Silva,1,2057.14,2077.71,0,0,0
736,Simakan,1,2039.702,2012.529,2,0.4877793,0.2673983
4565,Sorloth,1,1996.05,1982.71,0,0,0
2265,Szoboszlai,1,1982.556,2014.581,2,0.3002161,0.7790058
6242,Tasende(Angelino),1,2038.289,2051.18,2,0.0446792,0.5250129
7766,Tschauner,1,1971.68,1971.68,0,0,0
7391,Arnold,2,2024.406,2021.775,3,0.6150553,0.5268559
8156,Baku,2,2057.283,2039.217,3,0.8815774,0.5650507
7273,Bialek,2,1997.447,1998.056,1,0.7193445,0.926782
6592,Bornauw,2,1988.417,1968.524,3,0.5512894,0.2789862
2758,Brekalo,2,2063.61,2069.63,0,0,0
6796,Brooks,2,2046.565,2035.271,3,0.2229639,0.2730268
1607,Casteels,2,2049.445,316.657,3,0.4989038,0
8551,Gerhardt,2,2008.08,2018.6,0,0,0
5695,Kruse,2,2048.396,2091.748,3,0.3257725,0.7765875
1709,L.Waldschmidt,2,1990.14,1956.02,0,0,0
5500,Lacroix,2,2036.498,2050.859,2,0.8681867,0.2837233
7195,Lukebakio,2,1976.84,1962.94,0,0,0
1317,Mbabu,2,1980.175,1992.716,1,0.9436004,0.2829009
2586,Nmecha,2,1989.37,1978.02,0,0,0
6897,Otavio,2,1995.03,1994.83,0,0,0
6646,Paredes,2,2008.08,2008.08,0,0,0
9745,Pervan,2,1969.15,1789.34,0,0,0
9512,Phillip,2,1998.674,1997.665,2,0.758067,0.7730958
9336,Roussillon,2,2012.346,2021.578,3,0.03872727,0.465849
8146,Schlager,2,2014.745,2013.456,1,0.2691954,0.5805857
9725,Steffen,2,2057.15,2012.24,0,0,0
4813,Vranckx,2,1995.174,2008.103,2,0.3224716,0.5694904
8221,Wind,2,2009.252,2025.376,3,0.4170494,0.9066249
9315,Ache,3,1986.77,1986.77,0,0,0
9232,Barkok,3,2030.515,2039.784,1,0.237544,0.5190855
4656,Borre_Maury,3,2012.372,2041.313,3,0.6309336,0.8983653
2295,Chandler,3,1995.021,1974.816,2,0.06853023,0.6863993
9776,Da_Costa,3,2082.227,2070.593,2,0.9539306,0.6683559
1509,Dost,3,1990.55,1990.55,0,0,0
7952,Durm,3,1969.98,1952.99,0,0,0
1502,Hasebe,3,2031.41,2044.15,0,0,0
8852,Hauge,3,1995.87,1975.02,0,0,0
3302,Hinteregger,3,2085.609,2050.979,4,0.4999996,0.2863948
2422,Hrustic,3,1992.569,1985.673,2,0.7154102,0.5561225
5191,Ilsanker,3,1956.38,1943.63,0,0,0
4765,Jakic,3,2030.079,2014.736,3,0.5425637,0.5231607
182,Jovic,3,1999.97,1999.09,0,0,0
4338,Kamada,3,2054.087,2077.323,1,0.2430069,0.82625
1477,Knauff,3,1972.469,1973.849,2,0.8546237,0.6918192
1624,Kostic,3,2000.884,1990.146,3,0.3966409,0.6791788
1061,Lammers,3,1999.82,1992.41,0,0,0
7774,Lenz,3,2071.544,2052.01,1,0.02460892,0.5931596
375,Lindstroem,3,2006.606,2024.322,4,0.4826022,0.8834588
2757,N'Dicka,3,2014.575,2004.263,4,0.5074929,0.2747191
4741,Ramaj,3,1999.47,1797.11,0,0,0
6783,Rode,3,1972.312,1952.955,1,0.3428562,0.6763051
4967,Schubert,3,1986.77,1986.77,0,0,0
7364,Silva_Melo(Tuta),3,2016.679,1997.518,4,0.4970696,0.279149
711,Sow,3,1995.706,1972.892,3,0.4165038,0.6162224
9591,Toure,3,2024.54,2024.54,0,0,0
228,Trapp,3,2049.851,310.304,4,0.5049343,0
313,Zuber,3,1988.49,1988.49,0,0,0
6558,Adli,4,2014.899,2058.48,2,0.4320685,0.8019941
7553,Alario,4,2000.709,2018.234,1,0.5016496,0.923126
1595,Andrich,4,2028.945,2044.723,1,0.2135407,0.4778486
7055,Aranguiz,4,2029.852,2029.445,2,0.7072473,0.522604
223,Arias,4,1984.38,1984.38,0,0,0
5532,Azmoun,4,2027.07,2027.07,0,0,0
7710,Bailey,4,2029.69,2020.49,0,0,0
4754,Bakker,4,2011.544,2006.971,2,0.04960371,0.4136584
6044,Baumgartlinger,4,2020.42,2020.42,0,0,0
6317,Bellarabi,4,2013.82,2037.01,0,0,0
950,Demirbay,4,2020.11,2031.241,2,0.5810269,0.5164374
3806,Diaby,4,2065.491,2177.331,3,0.6843877,0.8079532
7454,Dragovic,4,2009.06,2000.19,0,0,0
8397,Fosu-Mensah,4,1985.72,1985.72,0,0,0
7850,Frimpong,4,1977.404,2004,3,0.6545611,0.3556594
1473,Gray,4,1964.97,1964.97,0,0,0
1543,Grill,4,1992.11,1786.08,0,0,0
9691,Hincapie,4,1987.399,2003.77,2,0.5384672,0.2474186
2933,Hradecky,4,2041.835,320.805,3,0.5005591,0
6100,Jedvaj,4,2007.48,2007.48,0,0,0
7880,Kossounou,4,2001.5,2004.33,0,0,0
5884,L.Bender,4,2038.23,2038.23,0,0,0
7735,Palacios,4,2065.285,2069.836,1,0.247448,0.5168408
2921,Paulinho,4,1994.857,2041.211,1,0.1335524,0.8153819
650,S.Bender,4,2043.22,2043.22,0,0,0
790,Schick,4,2039.579,2129.656,1,0.5032728,0.887992
1375,Sinkgraven,4,2037.83,2030.89,0,0,0
4978,Tah,4,2012.068,2017.193,3,0.4895226,0.2607753
5928,Tapsoba,4,2029.501,2051.4,3,0.6463352,0.2637814
8796,Weiser,4,1980.15,1980.15,0,0,0
9740,Wendell,4,2010.98,2010.98,0,0,0
9708,Wirtz,4,2022.265,2047.447,3,0.5038284,0.7661583
6648,Akanji,5,1999.06,2049.33,0,0,0
9862,Bellingham,5,2092.859,2091.092,3,0.2980283,0.5876923
3687,Brandt,5,2039.491,2066.549,1,0.7162374,0.8995452
5527,Burki,5,2023.64,1646.71,0,0,0
6854,Can,5,2041.153,2029.744,3,0.8682077,0.2697181
2517,Dahoud,5,2084.917,2093.59,3,0.6872357,0.5796202
5992,Delaney,5,2053.44,2053.44,0,0,0
7011,Guerreiro,5,2017.306,2067.565,3,0.0365683,0.5846994
4576,Haaland,5,2081.25,2123.68,0,0,0
9990,Hazard,5,2021.358,2046.34,3,0.9514055,0.5810639
7202,Hitz,5,2028.56,1671.68,0,0,0
695,Hummels,5,2071.904,2068.196,3,0.5032696,0.2800876
978,Kobel,5,2028.946,346.022,3,0.4994548,0
6181,Malen,5,2009.065,2051.593,3,0.4213372,0.8825771
9385,Meunier,5,1985.46,2022.65,0,0,0
4848,Morey,5,2018.43,2018.43,0,0,0
8755,Moukoko,5,1985.43,1975.01,0,0,0
496,Passlack,5,1976.8,1992.59,0,0,0
946,Pisczek,5,2017.59,2029.34,0,0,0
8953,Pongracic,5,1991.214,1998.257,1,0.1451091,0.2755271
4704,Reus,5,2058.061,2131.51,2,0.2446429,0.7916207
4697,Reyna,5,2084.631,2115.653,2,0.7561756,0.7894156
1593,Schmelzer,5,1988.33,1988.33,0,0,0
643,Schulz,5,1970.94,1987.31,0,0,0
8175,Witsel,5,2000.064,2033.156,1,0.4950491,0.5987595
5249,Wolf,5,2017.04,2007.26,0,0,0
7436,Zagadou,5,2004.55,1991.634,2,0.1480656,0.2899669
6354,Awoniyi,6,2015.922,1998.816,2,0.5008184,0.8791716
9954,Baumgartl,6,2029.993,2003.621,3,0.5050525,0.288825
7250,Becker,6,2033.604,2027.172,3,0.4270085,0.8042162
6750,Behrens,6,1916.35,1923.01,0,0,0
6917,Bulter,6,2017.07,2017.07,0,0,0
4792,Dajaku,6,2003.01,2003.01,0,0,0
753,Endo,6,2010.21,2010.21,0,0,0
6739,Gentner,6,2005.29,2005.29,0,0,0
9044,Giesselmann,6,2012.144,2019.202,1,0.03946485,0.7053931
2020,Gogia,6,2003.01,2003.01,0,0,0
2366,Haraguchi,6,1957.843,1985.215,2,0.7110644,0.6456847
3045,Heintz,6,1978.277,1971.01,2,0.4852678,0.2882125
7822,Jaeckel,6,1965.149,1921.959,2,0.5046966,0.2958058
2489,Jensen,6,2003.01,2003.01,0,0,0
1882,Khedira,6,2012.108,2000.342,3,0.4994586,0.5590977
4467,Knoche,6,2075.464,2053.576,2,0.5016369,0.2825161
9107,Luthe,6,2074.051,284.2,3,0.5000043,0
2158,Michel,6,1934.89,1934.657,1,0.7422608,0.8725564
2208,Mohwald,6,1967.01,1967.01,0,0,0
7768,Musa,6,2017.04,2006.38,0,0,0
9466,Oczipka,6,1984.371,1976.063,2,0.5098214,0.5770769
2485,Oeztunali,6,1974.07,1974.07,0,0,0
4884,Pohjanpalo,6,2031.9,2022.58,0,0,0
3698,Promel,6,2050.321,2045.542,3,0.43948,0.6271992
2056,Ronnow,6,2005.27,1798.52,0,0,0
9125,Ryerson,6,2013.233,1997.1,2,0.4877232,0.583692
2701,Schaefer,6,2029.02,2029.02,0,0,0
6359,Trimmel,6,2040.564,2055.722,1,0.9539308,0.7053931
2441,Ujah,6,2003.01,2003.01,0,0,0
810,Voglsammer,6,1955.646,1991.281,1,0.2540506,0.9141473
6263,Chang-Hoon,7,1988.66,1988.66,0,0,0
3676,Demirovic,7,2045.784,2062.78,1,0.2708344,0.8813767
1869,Flekken,7,2056.022,307.539,3,0.5027416,0
1839,Grifo,7,2072.687,2069.022,3,0.3097015,0.7586274
4494,Gulde,7,2016.109,2013.526,1,0.8617569,0.2904175
8120,Gunter,7,2033.973,2023.172,3,0.1234107,0.4556094
1962,Haberer,7,1960.096,1959.825,1,0.7488105,0.5792819
934,Hofler,7,2075.014,2070.953,2,0.1928937,0.6606388
7105,Holer,7,2014.427,2015.908,1,0.7373521,0.8769667
7514,K.Schlotterbeck,7,1983.261,1992.55,1,0.6898799,0.2639567
3984,Keitel,7,1968.55,1968.55,0,0,0
2684,Kubler,7,2019.188,2004.992,2,0.951992,0.4324015
6615,Lienhart,7,2069.366,2053.019,3,0.4993395,0.2814484
6626,M.Eggestein,7,1996.024,1996.813,3,0.6731264,0.5438074
1744,N.Schlotterbeck,7,2080.256,2062.699,3,0.4832363,0.2711317
4753,Petersen,7,1991.482,2026.388,1,0.5049509,0.9343493
8141,Sallai,7,1997.119,1990.945,2,0.6865306,0.7624013
8826,Santamaria,7,2000.74,2000.74,0,0,0
7839,Schade,7,2008.11,2005.14,0,0,0
292,Schmid,7,2011.651,2007.891,1,0.06130852,0.2838023
8695,Sildillia,7,1999.89,1999.89,0,0,0
218,Siquet,7,2033.01,2033.01,0,0,0
9818,Til,7,1985.53,1985.53,0,0,0
7666,Uphoff,7,1964.76,1608.41,0,0,0
9871,Woo-Yeong,7,1975.906,1981.975,2,0.6784285,0.7715916
6058,Ahamada,8,1971.93,1971.93,0,0,0
9599,Aidonis,8,1997.09,1997.09,0,0,0
3739,Anton,8,2014.763,2008.894,3,0.4389758,0.2715436
5125,Badstuber,8,1997.09,1997.09,0,0,0
7721,Bredlow,8,1993.04,1608.01,0,0,0
2397,Churlinov,8,1997.09,1997.09,0,0,0
2950,Coulibaly,8,1980.52,1965.39,0,0,0
6335,Didavi,8,1984.8,1985.48,0,0,0
6166,Egloff,8,1997.09,1997.09,0,0,0
8375,Endo,8,2009.504,2008.557,3,0.7953395,0.5948081
6812,Forster,8,2013.45,2020.28,0,0,0
5827,Fuehrich,8,1905.185,1938.504,3,0.1320079,0.7094322
7998,Gonzalez,8,1978.76,1978.76,0,0,0
8489,Grahl,8,1997.09,1997.09,0,0,0
2578,Ito,8,2012.082,2005.158,2,0.2076337,0.2636796
4053,Kalajdzic,8,2036.733,2048.024,1,0.501636,0.9113466
2807,Kaminski,8,1999.14,1999.14,0,0,0
4179,Karazor,8,2036.156,2026.966,3,0.5021823,0.5947949
3217,Klimovicz,8,2000.07,2000.94,0,0,0
220,Mack,8,1997.09,1997.09,0,0,0
6138,Mangala,8,2023.155,2019.736,2,0.2157839,0.5919371
3898,Marmoush,8,1940.339,1956.42,2,0.5788534,0.7661972
3558,Massimo,8,1965.33,1965.33,0,0,0
6720,Mavropanos,8,2038.606,2035.245,3,0.762363,0.2715304
4939,Mola,8,1997.09,1997.09,0,0,0
5618,Muller,8,2012.523,387.988,3,0.5032872,0
2632,Nartey,8,2008.09,2008.09,0,0,0
84,Sosa,8,2042.419,2044.75,2,0.05394252,0.2817985
9383,Stenzel,8,2006.519,1995.439,2,0.9346945,0.2747445
2989,Thommy,8,1998.16,2006.16,0,0,0
9412,Tibidi,8,1996.81,1992.23,0,0,0
616,Tomas,8,2006.181,2017.349,3,0.6020197,0.9080818
9905,Wamangituka,8,2014.483,2001.652,1,0.8224694,0.9245769
4471,Benes,9,1973.24,1973.24,0,0,0
3628,Bensebaini,9,1987.386,2033.83,3,0.03054806,0.4507365
5375,Beyer,9,2003.827,2003.069,1,0.1352031,0.2676826
7961,Doucoure,9,1979.47,1979.47,0,0,0
1219,Elvedi,9,2002.797,2029.646,3,0.3292258,0.2622454
6384,Embolo,9,2029.64,2035.89,1,0.498364,0.8968122
3767,Friedrich,9,2050.62,2046.54,1,0.4885426,0.2793922
6673,Ginter,9,2015.984,2034.937,3,0.7951338,0.2659732
666,Herrmann,9,2004.33,1997.26,0,0,0
3980,Hofman,9,2061.001,2037.191,3,0.7620014,0.8026628
6423,Jantschke,9,2020.5,1996.19,0,0,0
9019,Kone,9,1999.524,2004.315,2,0.4263403,0.5682566
1057,Kramer,9,2000.495,2011.048,2,0.5858275,0.581573
6979,Kurt,9,1979.47,1979.47,0,0,0
7156,Lainer,9,2026.565,2040.741,2,0.947948,0.5562344
5568,Lang,9,1979.47,1979.47,0,0,0
2302,Lazaro,9,2028.22,2028.22,0,0,0
8975,Netz,9,2007.57,1996.92,0,0,0
9525,Neuhaus,9,2067.974,2070.413,3,0.4776569,0.5653737
2595,Plea,9,2065.03,2054.981,3,0.2385357,0.8048679
9603,Scally,9,2005.577,2003.894,1,0.9403282,0.2595465
3572,Sippel,9,2003.53,2003.53,0,0,0
9505,Sommer,9,1998.433,281.567,3,0.4972722,0
9041,Stindl,9,1996.43,2001.52,0,0,0
9947,Thuram,9,2040.347,2024.296,2,0.5008322,0.9100682
1952,Traore,9,1979.47,1979.47,0,0,0
87,Villalba,9,1979.47,1979.47,0,0,0
6589,Wendt,9,1975.42,1975.42,0,0,0
4508,Akpoguma,10,1997.208,1986.7,1,0.1251499,0.2463161
4752,Baumann,10,2071.848,286.216,3,0.5000042,0
8362,Baumgartner,10,2079.577,2117.526,3,0.7099774,0.5993433
1150,Bebou,10,2022.923,2072.769,3,0.4285307,0.801866
7499,Beier,10,1973.58,1973.58,0,0,0
3090,Bikakcic,10,1994.94,1994.94,0,0,0
2164,Bruun_Larsen,10,1987.55,1998.31,0,0,0
7667,Che,10,2011.07,2011.07,0,0,0
7496,Dabbur,10,2006.26,2037.397,1,0.7209812,0.887992
3512,Geiger,10,1997.637,1998.263,1,0.334933,0.604383
9080,Grillitsch,10,2071.235,2050.631,2,0.4991815,0.2781455
5663,Hubner,10,2002.984,1978.506,2,0.509284,0.2802714
8742,Kaderabek,10,2020.597,2039.77,2,0.9569854,0.6028181
3681,Kramaric,10,2021.727,2083.878,3,0.2603239,0.7682091
3318,Nordtveit,10,2000.8,2000.8,0,0,0
6756,Nuhu,10,2018.44,2018.44,0,0,0
4696,Pentke,10,1974.77,1781.06,0,0,0
6517,Posch,10,2038.932,2029.826,3,0.6187418,0.2763164
9589,Raum,10,1955.974,1962.434,3,0.3497391,0.6001444
6572,Richards,10,2040.2,2056.9,0,0,0
4859,Rudy,10,1989.45,1989.45,0,0,0
5298,Rutter,10,1967.787,1980.329,2,0.5182114,0.8460753
9231,Samassekou,10,2062.222,2056.838,2,0.4991816,0.5991277
5393,Sessegnon,10,1982.02,1995.98,0,0,0
6463,Skov,10,2017.48,2022.73,0,0,0
8620,Stiller,10,1984.028,1972.413,1,0.2691976,0.5991275
4129,Vogt,10,1977.491,1970.858,1,0.5081835,0.2882125
6115,Agu,11,2032.82,2032.82,0,0,0
7686,Augustinsson,11,2006.558,1990.568,4,0.9303055,0.2827303
2183,Bittencourt,11,1995.66,1995.66,0,0,0
6274,Dinkci,11,2012.818,2012.658,1,0.1840764,0.6158668
1232,Erras,11,2014.422,2009.442,3,0.6218315,0.3069228
5034,Friedl,11,2010.21,2018.19,1,0.6800584,0.2718756
9715,Fullkrug,11,2011.953,1988.258,1,0.8912193,0.8209385
9906,Gebre_Selassie,11,2018.537,2002.552,4,0.06924894,0.279393
8073,Gross,11,1964.085,1968.433,2,0.6284342,0.8755515
3105,Mbom,11,2032.529,2035.249,4,0.3018441,0.5503811
4653,Moisander,11,2005.76,1986.5,0,0,0
480,Osako,11,1985.881,1994.492,3,0.8541207,0.8130483
8451,Pavlenka,11,2038.581,1640.11,5,0.5046126,0
8041,Rashica,11,1990.427,1994.682,5,0.09892988,0.8617877
9077,Sargent,11,2011.433,1999.315,5,0.5049234,0.9432932
2787,Schmid,11,2031.46,2031.46,0,0,0
7228,Toprak,11,2008.321,2012.598,2,0.5301374,0.2896841
1286,Veljkovic,11,2023.679,2016.188,5,0.3273372,0.2884343
5785,Woltemade,11,2006.411,2006.609,5,0.4737644,0.6992018
8238,Zetterer,11,2004.895,2007.317,5,0.6646056,0.5634545
6125,Bazee,12,1978.568,1980.63,1,0.7144355,0.7623029
7458,Caligiuri,12,1967.61,1963.886,2,0.9512012,0.560605
9345,Cordova,12,1969.84,1973.13,0,0,0
3316,Dorsch,12,2007.773,2008.718,2,0.3265972,0.5821655
1910,Finnbogason,12,1973.03,1973.03,0,0,0
4995,Framberger,12,2021.729,2000.274,1,0.9419634,0.2762858
311,Gikiewicz,12,2047.965,279.327,3,0.5005453,0
9034,Gouweleeuw,12,2041.042,1995.733,3,0.6740618,0.2811875
4627,Gregoritsch,12,1999.71,2048,3,0.5900524,0.8499014
7014,Gruezo,12,1955.177,1959.293,2,0.5040924,0.5755236
887,Gumny,12,2018.33,2003.65,0,0,0
4938,Hahn,12,1982.084,1998.301,1,0.9370526,0.6048415
6118,Iago,12,2042.605,2009.095,2,0.04330363,0.4233737
8530,Jensen,12,1970.52,1970.52,0,0,0
3597,Koubek,12,1978.49,1978.49,0,0,0
4161,Maier,12,1987.745,1983.673,2,0.6561525,0.54954
1523,Moravek,12,2004.66,2004.66,0,0,0
4690,Niederlechner,12,1992.037,2024.505,1,0.2708324,0.9223719
6200,Oxford,12,2062.692,1999.137,3,0.5604735,0.276751
4356,Pedersen,12,1964.67,1968.441,1,0.05432078,0.5617342
9485,Pepi,12,1998.401,2005.055,1,0.7294407,0.8894559
5386,Seong-Hoon,12,1978.49,1978.49,0,0,0
9068,Strobl,12,1969.14,1969.14,0,0,0
7581,Suchy,12,1975.77,1975.77,0,0,0
9469,Uduokhai,12,2009.069,2017.059,2,0.1457684,0.2703288
1040,Vargas,12,1963.31,1978.228,3,0.2058108,0.7602459
1908,Winther,12,1982.43,1997.35,0,0,0
9324,Zeqiri,12,2006.57,2009.27,0,0,0
8186,Andersson,13,1992.65,1970.522,1,0.501636,0.9113466
8347,Arokodare,13,1987.32,1987.32,0,0,0
5104,Arrey_Mbi,13,1996.09,1996.09,0,0,0
7660,Chabot,13,2007.106,2004.522,1,0.3395822,0.2630553
1646,Dennis,13,1991.64,1991.64,0,0,0
3446,Drexler,13,2004.35,1998.45,0,0,0
9642,Duda,13,2013.52,2019.84,0,0,0
9036,Ehizibue,13,1953.83,1979.36,0,0,0
2636,Hector,13,2034.348,1975.159,2,0.03890188,0.2724603
4709,Hoger,13,1977.5,1977.5,0,0,0
7646,Horn,13,2018.038,707.767,1,0.4934514,0
7752,Horn,13,1956.216,1966.022,1,0.04166578,0.2630553
673,Huebers,13,1978.755,1909.402,2,0.3298926,0.2691724
1216,Jakobs,13,2027.4,2011.55,0,0,0
2330,Kainz,13,2043.198,2027.747,3,0.14431,0.8054515
966,Kilian,13,2009.861,1967.54,3,0.6570051,0.2655974
1467,Limnios,13,1983.67,1983.67,0,0,0
3241,Ljubicic,13,2036.157,2036.164,2,0.8552075,0.803298
1765,Meyer,13,1972.95,1972.95,0,0,0
7100,Modeste,13,2010.111,2048.626,2,0.4991747,0.903221
4094,Ozcan,13,2019.337,2001.951,3,0.2373842,0.5216052
7368,Perez,13,1980.93,1981.96,0,0,0
2081,Schaub,13,2016.07,2016.07,0,0,0
3658,Schindler,13,1913.61,1911.55,0,0,0
4112,Schmitz,13,2048.816,1984.443,3,0.9497542,0.2678157
9100,Schwaebe,13,2028.911,781.147,2,0.5024691,0
3878,Skhiri,13,2022.635,2005.711,3,0.7494923,0.5171422
7586,Thielmann,13,2008.237,2017.486,1,0.8614955,0.8209817
6232,Uth,13,1970.056,2009.838,3,0.4972624,0.688737
8682,Zieler,13,1987.32,1987.32,0,0,0
1076,Albrecht,14,1971.59,1971.59,0,0,0
8448,Alderette,14,2000.49,1976.25,0,0,0
5113,Ascacibar,14,1994.71,1994.71,1,0.499999,0.591611
7369,Belfodil,14,1959.465,2007.985,2,0.2007766,0.913124
6333,Bjoerkan,14,1995.824,1994.356,2,0.06113078,0.2647029
5817,Boyata,14,1993.936,1972.684,2,0.6429609,0.271338
6994,Cordoba,14,1984.44,1977.87,0,0,0
1460,Cunha,14,1979.32,1981.37,0,0,0
6658,Dardai,14,1989.81,1997.15,0,0,0
1896,Darida,14,1989.874,1991.456,3,0.402033,0.6197857
5187,Dilrosun,14,1975.88,1996.11,0,0,0
5436,Ekkelenkamp,14,2005.82,2003.85,0,0,0
2678,Gechter,14,2004.481,2007.729,2,0.5026205,0.2669476
8731,Guendouzi,14,2022.93,2022.93,0,0,0
2749,Jarstein,14,1991.22,1991.22,0,0,0
8777,Jovetic,14,1999.965,2014.099,3,0.4988947,0.9111274
7889,K.Boateng,14,1999.1,1999.1,0,0,0
1840,Kempf,14,2002.744,2011.493,2,0.3395823,0.2762858
7910,Klunter,14,2043.41,2016.8,0,0,0
4278,Leckie,14,1962.18,1951.62,0,0,0
483,Lee,14,2003.294,2003.12,1,0.7782729,0.9201669
3927,Lotka,14,1993.544,1994,2,0.4983631,0
4502,Maolida,14,2001.55,2004.23,0,0,0
5571,Mittelstadt,14,1960.554,1990.413,1,0.05148715,0.280696
1912,Ngankam,14,1961.06,1947.18,0,0,0
4804,Nsona,14,1995.09,1995.09,0,0,0
6977,Pekarik,14,1975.089,1967.285,3,0.9415421,0.2752714
3159,Plattenhardt,14,1976.05,1982.41,0,0,0
2645,Radonkic,14,1968.95,1975.08,0,0,0
7412,Redan,14,1971.59,1971.59,0,0,0
1170,Richter,14,1998.802,2045.072,3,0.5946605,0.9140544
7638,Schwolow,14,1994.09,227.969,1,0.4967252,0
5303,Selke,14,2000.93,1984.01,0,0,0
5030,Serdar,14,1934.729,1963.327,2,0.4757491,0.618398
5443,Stark,14,1978.97,1983.56,0,0,0
792,Tousart,14,1961.33,1977.943,3,0.5976408,0.6110051
7780,Andrade,15,2017.661,2002.487,1,0.05312412,0.2718756
1796,Bello,15,1995.09,1995.09,0,0,0
9572,Brunner,15,2073.775,2026.651,2,0.9501477,0.2729781
2953,Castro,15,2021.629,2020.824,1,0.4983621,0.7150952
5615,Consbruch,15,1970.64,1970.64,0,0,0
8666,De_Medina,15,1945.104,1943.236,1,0.9407272,0.268793
1465,Doan,15,1924.33,1924.24,0,0,0
4766,Edmundsson,15,1970.64,1970.64,0,0,0
1309,Frommann,15,1970.64,1970.64,0,0,0
9459,Gebauer,15,1966.35,1966.35,0,0,0
69,Hack,15,1913.26,1918.17,0,0,0
5938,Hartel,15,1942.47,1942.47,0,0,0
2090,Ince,15,1995.09,1995.09,0,0,0
895,Kapino,15,1939.71,1402.86,0,0,0
7955,Klos,15,1937.358,1932.464,1,0.499999,0.9201669
8694,Krueger,15,1905.19,1959.28,0,0,0
4555,Kunze,15,1973.151,1957.989,3,0.5814186,0.5044752
2885,Lasme,15,1926.72,1920.96,0,0,0
4284,Laursen,15,1989.772,1953.35,2,0.05370967,0.2792735
1923,Nilsson,15,2067.372,2018.407,3,0.3380516,0.2768075
7567,Okugawa,15,2038.179,2022.319,3,0.1542093,0.8061469
524,Ortega_Moreno,15,2038.618,308.995,3,0.4978034,0
7577,Pieper,15,2032.81,1995.24,0,0,0
2272,Prietl,15,1988.47,1988.47,0,0,0
4040,Ramos,15,2018.015,1999.634,3,0.657546,0.2730532
9343,Rehnen,15,1970.64,1970.64,0,0,0
6297,Schipplock,15,1958.23,1958.23,0,0,0
4592,Schopf,15,1984.513,1971.044,2,0.5016438,0.6693918
1439,Serra,15,1946.957,1979.169,2,0.5,0.9009367
3867,Soukoou,15,1954.8,1954.8,0,0,0
4200,Van_der_Hoorn,15,1950.06,1950.06,0,0,0
1182,Vasilladis,15,2020.45,2005.341,3,0.4136289,0.5096732
5144,Vlap,15,1963.07,1963.07,0,0,0
7796,Wimmer,15,1929.956,1958.984,3,0.8479955,0.8150067
2771,Yabo,15,1976.78,1976.78,0,0,0
178,Barreiro,16,2084.09,2084.09,0,0,0
9946,Bell,16,2036.15,2054.106,2,0.8640944,0.2702354
4231,Boetius,16,1976.74,1976.83,0,0,0
9731,Brosinski,16,1960.97,1954.75,0,0,0
7004,Burgzorg,16,2007.58,2007.58,0,0,0
7068,Burkardt,16,1983.432,2006.379,2,0.7825655,0.7588222
4717,Caricol,16,2006.6,2006.6,0,0,0
5006,Dahmen,16,1959.06,1763.85,0,0,0
211,Fernandes,16,1960.45,1960.45,0,0,0
8248,Glatzel,16,1982.01,1984.74,0,0,0
549,Hack,16,2003.285,2002.665,2,0.5040923,0.2869912
5984,Hanin,16,1978.96,1978.96,0,0,0
1264,Ingvartsen,16,1981.91,1978.08,0,0,0
3721,Kohr,16,2049.117,2065.432,2,0.3068866,0.5450564
9227,Latza,16,2010.16,2010.16,0,0,0
3257,Lee,16,1912.117,1929.111,2,0.2157427,0.7576602
2469,Lucoqui,16,2037.39,2010.7,0,0,0
990,Malong,16,1949.3,1949.3,0,0,0
4289,Martin,16,2004.619,2020.968,2,0.03234733,0.5461391
2873,Mwene,16,2075.49,2075.49,0,0,0
759,Nebel,16,1978.64,1978.64,0,0,0
7633,Niakhate,16,2051.775,2054.593,2,0.1465593,0.2646435
8873,Onisiwo,16,2027.305,2060.041,2,0.5008047,0.9009169
6364,Papela,16,1978.96,1978.96,0,0,0
4407,Quaison,16,1968.41,1968.61,0,0,0
9620,St_Juste,16,2030.26,2025.23,0,0,0
4206,Stach,16,2008.833,2025.135,2,0.6889731,0.5439341
1660,Stoger,16,1967.02,1967.21,0,0,0
2070,Szalai,16,1983.85,1973.37,0,0,0
1620,Tauer,16,1976.1,1976.1,0,0,0
2523,Widmer,16,2002.059,2034.358,2,0.9528381,0.542792
6371,Zentner,16,2021.244,285.904,2,0.5057429,0
5937,Aydin,17,2000.597,1988.76,2,0.6694196,0.2882124
3370,Becker,17,2039.593,2021.729,4,0.06438097,0.2591787
2112,Bentaleb,17,1977.932,1971.298,1,0.3477689,0.2661617
5292,Boujellab,17,1983.37,1983.37,0,0,0
8703,Bozdogan,17,2020.869,2031.409,2,0.1137249,0.7590946
8241,Calhanoglu,17,1998.538,2001.448,3,0.6970066,0.4859391
803,Fahrmann,17,2013.625,1465.47,2,0.5073661,0
1186,Flick,17,1975.079,1966.298,2,0.5586476,0.4260447
4050,Harit,17,1975.03,1991.48,0,0,0
424,Hoppe,17,1986.72,1988.19,0,0,0
9118,Huntelaar,17,2003.403,2069.807,5,0.5416688,0.884646
5247,Idrizi,17,1970.012,1983.034,4,0.2853425,0.5772789
7154,Kolasinac,17,1967.022,1976.138,1,0.8268317,0.7918011
5697,Ludewig,17,1989.686,2007.628,1,0.8747008,0.7693543
6365,Mascarell,17,1947.56,1947.56,0,0,0
659,Mendyl,17,2015.483,2003.807,3,0.8158228,0.2418469
8180,Mercan,17,2018.814,2044.114,5,0.4924048,0.6250321
5031,Mustafi,17,2004.888,2002.311,2,0.9396739,0.2697221
9539,Nastasic,17,1976.86,1976.86,0,0,0
9721,Paciencia,17,1970.217,1988.773,2,0.4381012,0.64702
4845,Raman,17,1959.538,1960.049,1,0.5709794,0.3204206
7964,Ronnow,17,2001.589,1974.32,3,0.4983504,0
7297,Sane,17,2008.319,1995.617,4,0.4801514,0.268746
1743,Skrzybski,17,1997.113,2002.418,3,0.2717101,0.6243268
7258,Stambouli,17,1992.822,2025.071,3,0.8420813,0.7009887
4459,Thiaw,17,1997.51,1997.775,1,0.3745509,0.3069526
8585,William,17,1979.33,1979.39,1,0.03121346,0.2957291
7540,Antwi-Adjei,18,1940.189,1943.896,2,0.4877222,0.8974642
1277,Asano,18,1928.639,1942.501,1,0.797118,0.8602753
207,Bella_Kotchap,18,2021.279,1921.646,3,0.5489962,0.2715002
1092,Blum,18,1944.87,1944.87,0,0,0
8833,Bockhorn,18,1969.6,1929.98,0,0,0
3329,Bonga,18,1920.86,1931.88,0,0,0
816,Chibsah,18,1917.64,1917.64,0,0,0
8155,Decarli,18,1917.64,1917.64,0,0,0
3402,Drewes,18,1917.38,1554.43,0,0,0
3584,Eisfeld,18,1906.66,1906.66,0,0,0
4274,Ekincier,18,1917.64,1917.64,0,0,0
9852,Esser,18,1901.31,1378.79,0,0,0
3231,Gamboa,18,2022.952,1919.298,3,0.6496681,0.2789429
8431,Hartwig,18,1917.64,1917.64,0,0,0
6597,Holtmann,18,1947.045,2003.371,2,0.5049097,0.9084895
9326,Lampropoulos,18,1962.04,1928.76,0,0,0
6154,Leitsch,18,2025.462,1921.496,3,0.4608371,0.2707388
799,Locadia,18,2006.864,2028.122,1,0.4967252,0.8835818
5802,Loewen,18,2018.038,2018.522,2,0.7991606,0.580099
1123,Losilla,18,1998.579,1989.181,3,0.5016358,0.5893556
5903,Masovic,18,1981.59,1932.89,0,0,0
5891,Osterhage,18,2025.021,2014.3,1,0.8224692,0.5704616
3037,Pantovic,18,1948.493,1948.88,2,0.1951496,0.7196795
2913,Polter,18,2003.599,2023.538,2,0.5049165,0.9082774
6484,Rexhbecaj,18,2084.575,2084.805,2,0.1835881,0.5733254
7342,Riemann,18,2070.975,363.295,3,0.5000082,0
3186,Soares,18,2056.754,1926.892,3,0.3426912,0.2751886
3716,Stafylidis,18,1999.48,1979.54,0,0,0
7632,Tesche,18,1936.38,1936.38,0,0,0
1915,Weilandt,18,1917.64,1917.64,0,0,0
120,Zoller,18,1935.74,1958.93,0,0,0
5560,Zulj,18,1951.47,1951.47,0,0,0
861,Abiama,19,1921.58,1937.26,0,0,0
5045,Asta,19,1908.73,1914.94,0,0,0
3630,Barry,19,1909.63,1915.11,0,0,0
6009,Bauer,19,1967.08,1927.72,0,0,0
5402,Berggreen,19,1915.77,1915.77,0,0,0
1142,Burchert,19,1979.68,408.512,0,0,0
5704,Cavar,19,1915.77,1915.77,0,0,0
2979,Christiansen,19,2022.804,2031.652,3,0.4950896,0.4530959
2116,Dudziak,19,1920.166,1968.141,3,0.4994639,0.7635745
3371,Ernst,19,1934.89,1947.81,0,0,0
4549,Funk,19,1916.23,1405.65,0,0,0
3438,Green,19,1963.03,1963.03,0,0,0
8098,Griesbeck,19,2046.573,2041.614,3,0.6515585,0.2682311
5845,Hrgota,19,1954.858,2020.414,3,0.4251841,0.9078546
9183,Itter,19,1930.878,1919.219,3,0.04095177,0.2726413
4912,Jung,19,1913.11,1914.26,0,0,0
9713,Kehr,19,1915.77,1915.77,0,0,0
4031,Leweling,19,1920.85,1965.913,3,0.5720839,0.9026434
852,Linde,19,1975.636,1776.22,3,0.5027423,0
4636,Mavraj,19,1915.77,1915.77,0,0,0
5970,Meyerhofer,19,1988.741,1935.689,3,0.9536017,0.2637945
3956,Nielsen,19,1955.2,1988.74,0,0,0
8174,Pululu,19,1986.11,1986.11,0,0,0
9588,Raschl,19,1988.33,1988.33,0,0,0
8584,Seguin,19,1975.046,1986.731,3,0.7117432,0.5913768
2331,Stach,19,1929.64,1929.64,0,0,0
7434,T.Tillman,19,1929.986,1930.71,3,0.2849652,0.5936215
6461,Viergever,19,2021.049,2010.36,3,0.3386255,0.2689926
4994,Willems,19,2026.18,1999.23,0,0,0
