0,Choupo-Moting,0,2000.86,2000.86,2000.86,2000.86,1,3
1,Coman,0,991.08,2056.74,2067.23,2082.22,9,2.88889
2,Davies,0,487.672,2043.22,2045.13,2041.21,16,1
3,Fein,0,1999.09,1999.09,1999.09,1999.09,0,0
4,Gnabry,0,449.278,2112.62,2116.06,2116.77,15,2.93333
5,Goretzka,0,816.994,2070.11,2076.48,2070.11,10,2
6,Hernandez,0,488.543,2051.68,2063.57,2065.57,15,1
7,Kimmich,0,436.63,2046.15,2038.27,2043.61,17,1.88235
8,Lewandowski,0,298.115,2101.86,2115.11,2125.32,20,3
9,M.Tillman,0,2005.2,2005.2,2005.2,2005.2,0,0
10,Mueller,0,298.637,2116.28,2124.7,2111.95,21,2.09524
11,Musiala,0,972.027,2015.59,2028.83,2046.63,8,2.5
12,Neuer,0,2100.22,406.094,406.094,406.094,18,0
13,Nianzou,0,1812.05,1993.76,2001.61,2005.98,1,1
14,Pavard,0,584.803,2027.78,2029.96,2026.95,14,1
15,Roca,0,1322.96,2015.57,2023.76,2015.57,4,2
16,Sabitzer,0,1199.5,2002.61,1991.57,2000.1,6,1.66667
17,Sane,0,478.827,2023.37,2024.29,2032.93,15,2.86667
18,Sarr,0,2025.63,2025.63,2025.63,2025.63,0,0
19,Stanisic,0,1474.55,2018.03,2014.11,2010.69,3,1
20,Sule,0,486.787,2024.09,2047.72,2056.69,14,1
21,Tolisso,0,1203.57,2040.26,2052.27,2040.26,5,2
22,Ulreich,0,1909.34,1414.63,1414.63,1414.63,7,0
23,Upamecano,0,542.996,2017.82,2041.71,2050.87,15,1
24,Wanner,0,1999.09,1999.09,1999.09,1999.09,0,0
0,Adams,1,975.991,2023.88,2033.52,2023.88,9,2
1,Clark,1,1999.09,1999.09,1999.09,1999.09,0,0
2,Forsberg,1,637.639,1981.31,1995.67,2015.84,12,2.58333
3,Gulacsi,1,2065.31,270.408,270.408,270.408,23,0
4,Gvardiol,1,426.525,2032.64,2023.76,2013.02,15,1
5,Haidara,1,800.278,2030.19,2036.84,2022.96,12,2.16667
6,Halstenberg,1,1834.93,2020.34,2027.24,2031.08,2,1
7,Henrichs,1,962.827,1990.82,1990.44,1990.82,7,2
8,Kampl,1,446.159,2080.71,2063.84,2080.71,18,2
9,Klostermann,1,480.718,2038.57,2048.93,2037.38,16,1.125
10,Laimer,1,862.127,1986.12,1991.1,1986.12,8,2
11,Mukiele,1,903.47,2028.47,2049.75,2059.07,10,1.5
12,Nkunku,1,351.331,2031.4,2050.67,2057.99,19,2.89473
13,Novoa,1,1837.21,2040.02,2040.54,2040.77,1,3
14,Olmo,1,1103.35,2040.97,2032.04,2044.65,8,2.5
15,Orban,1,364.073,2077.17,2089.32,2089.86,19,1
16,Poulsen,1,1086.91,2031.77,2047.9,2071.2,6,3
17,Samardzic,1,1974.04,1974.04,1974.04,1974.04,0,0
18,Silva,1,395.239,2060.14,2071.53,2080.71,18,3
19,Simakan,1,582.372,2024.54,2018,2009.76,12,1
20,Sorloth,1,1807.74,1999.05,1994.51,1985.71,4,3
21,Szoboszlai,1,867.264,1980.45,1985.25,2000.61,8,2.74999
22,Tasende(Angelino),1,482.509,2038.77,2055.64,2056.4,16,1.87499
23,Tschauner,1,1974.68,1974.68,1974.68,1974.68,0,0
0,Arnold,2,292.64,2029.79,1991.81,2029.79,21,2
1,Baku,2,398.894,2063.29,2058.25,2046.99,18,2.27778
2,Bialek,2,2001.62,2001.62,2001.62,2001.62,0,0
3,Bornauw,2,463.985,1994.31,1985.61,1975.42,16,1
4,Brekalo,2,1864,2066.61,2069.12,2072.63,2,3
5,Brooks,2,480.935,2052.4,2049.36,2042.42,16,1
6,Casteels,2,2055.36,322.657,322.657,322.657,20,0
7,Gerhardt,2,792.963,2011.08,2019.97,2021.6,11,2
8,Kruse,2,319.976,2054.27,2077.76,2100.15,20,2.89999
9,L.Waldschmidt,2,790.339,1993.14,1976.05,1959.02,9,2.88889
10,Lacroix,2,323.606,2044.17,2055.92,2056.32,19,1
11,Lukebakio,2,873.71,1979.84,1968.06,1965.94,8,2.875
12,Mbabu,2,718.14,1981.47,1993.36,1996.93,11,1
13,Nmecha,2,1076.9,1992.37,1980.22,1981.02,6,2.66667
14,Otavio,2,1328.9,1998.03,1989.04,1997.83,5,1.2
15,Paredes,2,2011.08,2011.08,2011.08,2011.08,0,0
16,Pervan,2,1972.15,1792.34,1792.34,1792.34,1,0
17,Phillip,2,721.9,2004.13,1986.08,2005.27,12,2.25
18,Roussillon,2,719.684,2016.86,2030.84,2029.88,11,1.36364
19,Schlager,2,1211.22,2017.37,2008.91,2017.37,7,2
20,Steffen,2,902.21,2060.15,2051.37,2015.24,8,2.875
21,Vranckx,2,968.369,2001.47,1995.92,2015.14,7,2.28571
22,Wind,2,1630.84,2015.29,2022.82,2034.16,2,3
0,Ache,3,1991.27,1991.27,1991.27,1991.27,0,0
1,Barkok,3,1829.83,2031.13,2035.07,2041.06,2,3
2,Borre_Maury,3,426.389,2017.02,2034.8,2052.23,15,2.93333
3,Chandler,3,708.336,1993.9,1981.56,1989.97,11,1.90909
4,Da_Costa,3,1004.58,2078.86,2068.42,2069.56,9,1.88889
5,Dost,3,1995.05,1995.05,1995.05,1995.05,0,0
6,Durm,3,1054.79,1974.48,1964.77,1957.49,7,1.28571
7,Hasebe,3,901.871,2035.91,2034.56,2048.65,9,1.33333
8,Hauge,3,1198.29,2000.37,1993.67,1979.52,5,3
9,Hinteregger,3,398.729,2059.73,2063.75,2060.28,18,1
10,Hrustic,3,1319.24,1986.67,1977.31,1986.67,4,2
11,Ilsanker,3,1582.18,1960.88,1953.33,1948.13,3,1
12,Jakic,3,790.265,2023.43,2036.1,2023.43,9,2
13,Jovic,3,1809.34,2004.47,2004.37,2003.59,2,3
14,Kamada,3,484.134,2058.96,2070.14,2075.51,16,2.75
15,Knauff,3,1973.53,1973.53,1973.53,1973.53,0,0
16,Kostic,3,477.01,1997.79,1984.59,2005.4,16,2.25
17,Lammers,3,1327.8,2004.32,2002.42,1996.91,4,3
18,Lenz,3,1004.04,2069.53,2061.52,2056.23,9,1.66667
19,Lindstroem,3,471.925,2010.51,2019.25,2034.93,14,2.92857
20,N'Dicka,3,351.068,1988.25,2008.16,2013.97,19,1
21,Ramaj,3,2003.97,1801.61,1801.61,1801.61,1,0
22,Rode,3,1054.92,1973.09,1975.26,1973.09,7,2
23,Schubert,3,1991.27,1991.27,1991.27,1991.27,0,0
24,Silva_Melo(Tuta),3,643.408,1990.49,2003.32,2007.06,12,1
25,Sow,3,313.211,1988.67,1984,1988.67,20,2
26,Toure,3,1639.52,2029.04,2038.8,2029.04,2,2
27,Trapp,3,2009.97,319.304,319.304,319.304,20,0
28,Zuber,3,1992.99,1992.99,1992.99,1992.99,0,0
0,Adli,4,1075.45,2021.19,2040.31,2052.56,6,2.83333
1,Alario,4,2004.29,2004.29,2004.29,2004.29,0,0
2,Andrich,4,585.386,2042.86,2053.33,2042.86,14,2
3,Aranguiz,4,790.208,2023.78,2050.15,2023.78,10,2
4,Arias,4,1987.38,1987.38,1987.38,1987.38,0,0
5,Azmoun,4,2030.07,2030.07,2030.07,2030.07,0,0
6,Bailey,4,1836.98,2032.69,2029.44,2023.49,3,3
7,Bakker,4,580.499,2002.88,2007.41,2005.81,12,1
8,Baumgartlinger,4,2023.42,2023.42,2023.42,2023.42,0,0
9,Bellarabi,4,973.63,2016.82,2027.09,2040.01,8,3
10,Demirbay,4,426.895,2029.19,2053.87,2029.19,16,2
11,Diaby,4,356.424,2071.13,2106.15,2156.53,18,2.94445
12,Dragovic,4,1629.92,2012.06,2006.92,2003.19,3,1
13,Fosu-Mensah,4,1988.72,1988.72,1988.72,1988.72,0,0
14,Frimpong,4,385.283,1984.41,1997.97,2000.39,17,1.05882
15,Gray,4,1967.97,1967.97,1967.97,1967.97,0,0
16,Grill,4,1995.11,1789.08,1789.08,1789.08,1,0
17,Hincapie,4,787.04,1997.67,2004.31,2005.06,9,1
18,Hradecky,4,2043.4,326.805,326.805,326.805,20,0
19,Jedvaj,4,2010.48,2010.48,2010.48,2010.48,0,0
20,Kossounou,4,718.332,2004.5,2008.5,2007.33,10,1
21,L.Bender,4,2041.23,2041.23,2041.23,2041.23,0,0
22,Palacios,4,1101.5,2064.01,2082.64,2064.01,8,2
23,Paulinho,4,1187.1,1997.15,2010.38,2029.42,5,3
24,S.Bender,4,2046.22,2046.22,2046.22,2046.22,1,1
25,Schick,4,288.153,2044.92,2078.73,2123.62,21,3
26,Sinkgraven,4,1653.16,2040.83,2036.91,2033.89,4,1.25
27,Tah,4,318.27,2015.28,2018.92,2014.6,20,1
28,Tapsoba,4,1103.42,2032.59,2043.92,2048.54,8,1
29,Weiser,4,1983.15,1983.15,1983.15,1983.15,0,0
30,Wendell,4,1817.06,2013.98,2013.35,2013.98,1,2
31,Wirtz,4,385.115,2029.63,2049.08,2029.54,17,2.11766
0,Akanji,5,443.359,2002.06,2037.19,2052.33,18,1
1,Bellingham,5,327.757,2088.81,2085.7,2077.88,21,2.04762
2,Brandt,5,649.731,2043.69,2053.61,2068.35,11,2.45455
3,Burki,5,2026.64,1649.71,1649.71,1649.71,2,0
4,Can,5,889.32,2029.4,2020.61,2026.87,11,1.72727
5,Dahoud,5,363.758,2080.66,2064.33,2080.66,18,2
6,Delaney,5,2056.44,2056.44,2056.44,2056.44,0,0
7,Guerreiro,5,488.871,2013.23,2037.85,2054.38,17,1.05882
8,Haaland,5,443.841,2084.25,2103.61,2126.68,17,3
9,Hazard,5,1331.89,2017.08,2024.32,2033.45,6,2.83333
10,Hitz,5,2031.56,1674.68,1674.68,1674.68,5,0
11,Hummels,5,488.487,2060.38,2066.75,2065.02,16,1
12,Kobel,5,2010.59,352.022,352.022,352.022,19,0
13,Malen,5,579.666,2012.58,2022.69,2032.37,12,3
14,Meunier,5,481.995,1988.46,2010.33,2025.65,14,1.07143
15,Morey,5,2021.43,2021.43,2021.43,2021.43,0,0
16,Moukoko,5,1795.41,1988.43,1984.75,1978.01,1,3
17,Passlack,5,1627.07,1979.8,1990.11,1995.59,2,1
18,Pisczek,5,1659.18,2020.59,2028.61,2032.34,5,1
19,Pongracic,5,1469.08,1993.54,1999.46,2001.93,4,1
20,Reus,5,292.785,2058.29,2068.08,2113.67,22,2.68182
21,Reyna,5,1255.43,2084.61,2073.82,2097.78,8,2.5
22,Schmelzer,5,1991.33,1991.33,1991.33,1991.33,0,0
23,Schulz,5,1072.75,1973.94,1985.52,1990.31,6,1
24,Witsel,5,723.302,2003.36,2038.22,2035.86,10,1.6
25,Wolf,5,1343.23,2020.04,2007.68,2010.26,6,2.16667
26,Zagadou,5,1308.71,1993.88,1990.82,1987.53,4,1
0,Awoniyi,6,529.068,2017.96,2019.45,2014.19,13,3
1,Baumgartl,6,522.75,2012.85,2012.49,2007.58,13,1
2,Becker,6,987.442,2032.39,2014.85,2021,7,2.28571
3,Behrens,6,1727.96,1919.35,1922.06,1926.01,1,3
4,Bulter,6,2020.07,2020.07,2020.07,2020.07,0,0
5,Dajaku,6,2006.01,2006.01,2006.01,2006.01,0,0
6,Endo,6,2013.21,2013.21,2013.21,2013.21,1,3
7,Gentner,6,1640.1,2008.29,2002.06,2008.29,3,2
8,Giesselmann,6,472.987,2012.71,2016.59,2009.11,14,1.85714
9,Gogia,6,2006.01,2006.01,2006.01,2006.01,0,0
10,Haraguchi,6,566.797,1957.88,1971.99,1975.64,16,2.4375
11,Heintz,6,1448.82,1969.13,1976.19,1979.35,4,1
12,Jaeckel,6,556.713,1950.14,1936.78,1924.64,16,1
13,Jensen,6,2006.01,2006.01,2006.01,2006.01,0,0
14,Khedira,6,309.883,2003.5,2037.54,2003.5,18,2
15,Knoche,6,263.045,2068.33,2063.5,2053.24,22,1
16,Luthe,6,2047.35,290.2,290.2,290.2,21,0
17,Michel,6,1417.45,1936.06,1941.92,1949.99,6,3
18,Mohwald,6,1784.88,1970.01,1960.49,1970.01,3,2
19,Musa,6,1644.83,2020.04,2016.49,2009.38,3,3
20,Oczipka,6,1057.22,1980.75,2003.37,1987.94,6,1.66667
21,Oeztunali,6,1062.76,1977.07,1970.9,1977.07,6,2
22,Pohjanpalo,6,1838.93,2034.9,2031.63,2025.58,2,3
23,Promel,6,526.261,2044.5,2061.13,2044.5,14,2
24,Ronnow,6,2008.27,1801.52,1801.52,1801.52,1,0
25,Ryerson,6,970.064,2009.74,2016.42,2009.06,8,1.875
26,Schaefer,6,2032.02,2032.02,2032.02,2032.02,0,0
27,Trimmel,6,533.104,2041.13,2043.5,2045.63,14,1.78571
28,Ujah,6,2006.01,2006.01,2006.01,2006.01,0,0
29,Voglsammer,6,946.216,1959,1967.23,1976.87,8,3
0,Chang-Hoon,7,1991.66,1991.66,1991.66,1991.66,0,0
1,Demirovic,7,991.082,2049.4,2056.28,2062.92,9,3
2,Flekken,7,2051.25,313.539,313.539,313.539,18,0
3,Grifo,7,290.537,2073.98,2096.17,2068.91,19,2.42104
4,Gulde,7,981.811,2015.32,2017.91,2016.59,8,1
5,Gunter,7,261.12,2031.54,2022.2,2026.7,22,1.36364
6,Haberer,7,1296.22,1961.46,1957.16,1961.46,4,2
7,Hofler,7,322.451,2074.8,2085.18,2074.8,19,2
8,Holer,7,316.357,2018.01,2021.56,2016.07,21,2.95238
9,K.Schlotterbeck,7,1322.04,1995.17,1997.45,1997.41,5,1
10,Keitel,7,1055.62,1971.55,1986.83,1971.55,7,2
11,Kubler,7,312.927,2010.98,2017.27,2004.82,18,1.22223
12,Lienhart,7,263.785,2067.75,2065.36,2056.23,22,1
13,M.Eggestein,7,520.616,1997.42,1997.38,1997.42,16,2
14,N.Schlotterbeck,7,396.826,2078.46,2074.61,2066.04,18,1
15,Petersen,7,1619.89,1994.97,2004.76,2019.92,2,3
16,Sallai,7,707.212,2002.35,2019.5,1990.83,12,2.41667
17,Santamaria,7,1807.49,2003.74,2004.53,2003.74,2,2
18,Schade,7,1074.51,2011.11,2014.8,2008.14,6,2.16667
19,Schmid,7,1647.55,2023.32,2002.88,2012.89,4,1.75
20,Sildillia,7,1807.52,2002.89,2000.67,2002.89,1,2
21,Siquet,7,2036.01,2036.01,2036.01,2036.01,0,0
22,Til,7,1988.53,1988.53,1988.53,1988.53,0,0
23,Uphoff,7,1967.76,1611.41,1611.41,1611.41,2,0
24,Woo-Yeong,7,574.562,1978.63,1978.71,1983.55,12,2.83333
0,Ahamada,8,1974.93,1974.93,1974.93,1974.93,2,2
1,Aidonis,8,2000.09,2000.09,2000.09,2000.09,0,0
2,Anton,8,389.159,2012.44,2016.95,2013.93,18,1
3,Badstuber,8,2000.09,2000.09,2000.09,2000.09,0,0
4,Bredlow,8,1996.04,1611.01,1611.01,1611.01,2,0
5,Churlinov,8,2000.09,2000.09,2000.09,2000.09,0,0
6,Coulibaly,8,780.195,1983.52,1984.24,1968.39,11,2.45455
7,Didavi,8,1794.83,1987.8,1988.27,1988.48,1,3
8,Egloff,8,2000.09,2000.09,2000.09,2000.09,0,0
9,Endo,8,285.855,2011.02,2006.57,2011.02,21,2
10,Forster,8,649.125,2016.45,2020.02,2023.28,13,2.92308
11,Fuehrich,8,675.294,1907.13,1915.53,1949.11,12,2.66666
12,Gonzalez,8,1981.76,1981.76,1981.76,1981.76,0,0
13,Grahl,8,2000.09,2000.09,2000.09,2000.09,0,0
14,Ito,8,641.081,2010.74,2001.53,2003.77,11,1.09091
15,Kalajdzic,8,1095.62,2041.04,2042.55,2041.39,8,3
16,Kaminski,8,2002.14,2002.14,2002.14,2002.14,0,0
17,Karazor,8,713.05,2037.66,2058.33,2029.36,11,1.81818
18,Klimovicz,8,1081.54,2003.07,1999.82,2003.94,7,2.85714
19,Mack,8,2000.09,2000.09,2000.09,2000.09,0,0
20,Mangala,8,587.362,2024,2004.92,2028.06,12,2.08333
21,Marmoush,8,695.167,1943.14,1944.72,1941.51,14,3
22,Massimo,8,705.228,1968.33,1965.98,1968.33,12,2
23,Mavropanos,8,321.766,2036.27,2042.93,2040.29,19,1
24,Mola,8,2000.09,2000.09,2000.09,2000.09,0,0
25,Muller,8,2007.18,393.988,393.988,393.988,18,0
26,Nartey,8,1627.37,2011.09,2017.88,2011.09,2,2
27,Sosa,8,437.443,2044.37,2052.44,2052.68,15,1.86667
28,Stenzel,8,1624.33,2004.33,2003.44,2002.19,2,1
29,Thommy,8,1803.62,2001.16,2004.39,2009.16,1,3
30,Tibidi,8,1623.84,1999.81,1998.55,1995.23,2,3
31,Tomas,8,1809.12,2011.01,2014.51,2019.74,1,3
32,Wamangituka,8,1638.03,2017.38,2016.16,2026.05,2,2.5
0,Benes,9,1609.26,1976.24,1969.6,1976.24,3,2
1,Bensebaini,9,802.036,1996.77,2025.02,2031.76,11,1.18182
2,Beyer,9,1196.71,2006.13,2006.06,2004.23,5,1
3,Doucoure,9,1982.47,1982.47,1982.47,1982.47,0,0
4,Elvedi,9,355.228,2011.21,2027.66,2031.35,19,1
5,Embolo,9,585.956,2032.64,2037.7,2038.89,13,3
6,Friedrich,9,394.655,2053.62,2054.76,2049.54,18,1
7,Ginter,9,355.598,2024.41,2035.88,2036.52,19,1
8,Herrmann,9,1473.32,2007.33,2005.35,2000.26,3,3
9,Hofman,9,544.933,2067.11,2050.88,2029.89,14,2.71428
10,Jantschke,9,1459.18,2023.5,2008.95,1999.19,3,1
11,Kone,9,641.503,2006.53,2000.06,2006.53,11,2
12,Kramer,9,1079.38,2007.7,2008.49,2007.7,7,2
13,Kurt,9,1982.47,1982.47,1982.47,1982.47,0,0
14,Lainer,9,655.25,2029.77,2027.88,2038.15,13,1.53846
15,Lang,9,1982.47,1982.47,1982.47,1982.47,0,0
16,Lazaro,9,1841.51,2031.22,2021.8,2031.22,3,2
17,Netz,9,790.622,2010.57,2010.76,1999.92,9,2.11111
18,Neuhaus,9,546.811,2075.22,2053.15,2067.09,15,2.2
19,Plea,9,739.929,2071.14,2064.69,2047.68,11,3
20,Scally,9,585.469,2014.68,2007.78,2007.4,12,1.5
21,Sippel,9,2006.53,2006.53,2006.53,2006.53,1,0
22,Sommer,9,2007.65,287.567,287.567,287.567,20,0
23,Stindl,9,529.237,1999.43,1987.69,2004.52,13,2.53846
24,Thuram,9,1107.06,2046.86,2036.38,2015.25,8,3
25,Traore,9,1982.47,1982.47,1982.47,1982.47,0,0
26,Villalba,9,1982.47,1982.47,1982.47,1982.47,0,0
27,Wendt,9,1978.42,1978.42,1978.42,1978.42,0,0
0,Akpoguma,10,640.122,1997.05,1996.55,1990.57,11,1.45455
1,Baumann,10,2046.44,292.216,292.216,292.216,21,0
2,Baumgartner,10,537.832,2073.08,2093.05,2115.75,14,2.64284
3,Bebou,10,425.416,2019.14,2043.85,2069.31,17,2.82353
4,Beier,10,1976.58,1976.58,1976.58,1976.58,0,0
5,Bikakcic,10,1997.94,1997.94,1997.94,1997.94,0,0
6,Bruun_Larsen,10,1189,1990.55,1994.51,2001.31,5,2.8
7,Che,10,2014.07,2014.07,2014.07,2014.07,0,0
8,Dabbur,10,704.577,2006.77,2029.26,2033.84,10,2.9
9,Geiger,10,574.349,2000.95,2003.37,2000.95,12,2
10,Grillitsch,10,813.185,2070.57,2053.22,2055.08,11,1.63636
11,Hubner,10,1444.97,1989.31,1984.23,1980.1,3,1
12,Kaderabek,10,809.216,2022.96,2041.81,2042.42,11,1.36364
13,Kramaric,10,389.967,2017.74,2023.19,2080.69,18,2.6111
14,Nordtveit,10,2003.8,2003.8,2003.8,2003.8,0,0
15,Nuhu,10,2021.44,2021.44,2021.44,2021.44,0,0
16,Pentke,10,1977.77,1784.06,1784.06,1784.06,1,0
17,Posch,10,481.711,2022.3,2031.7,2032.21,16,1
18,Raum,10,274.171,1949.35,1985.63,1960.68,23,1.56521
19,Richards,10,661.363,2043.2,2056.19,2059.9,13,1
20,Rudy,10,1316.11,1992.45,1994.43,1992.45,4,2
21,Rutter,10,1053.95,1969.21,1973.02,1975.86,6,3
22,Samassekou,10,725.248,2055.37,2074.76,2055.37,12,2
23,Sessegnon,10,1631.36,1985.02,1994.18,1998.98,4,1
24,Skov,10,1476.47,2020.48,2033.17,2025.73,5,2.8
25,Stiller,10,857.635,1986.05,1984.26,1975.38,8,1.875
26,Vogt,10,378.295,1964.67,1972.62,1971.73,16,1
0,Agu,11,2038.82,2038.82,2038.82,2038.82,0,0
1,Augustinsson,11,1627.22,2020.29,2008.91,2001.02,5,1.4
2,Bittencourt,11,1635.4,2001.66,1994.92,2001.66,2,2
3,Dinkci,11,2018.31,2018.31,2018.31,2018.31,0,0
4,Erras,11,2017.18,2017.18,2017.18,2017.18,0,0
5,Friedl,11,2027.95,2027.95,2027.95,2027.95,2,1
6,Fullkrug,11,1650.29,2020.84,2015.8,2005.61,5,3
7,Gebre_Selassie,11,1636.95,2032.3,2020.92,2013.03,5,1.4
8,Gross,11,1604.02,1972.18,1975.44,1972.18,4,1.75
9,Mbom,11,2036.17,2045.38,2055.4,2045.38,1,2
10,Moisander,11,1620.31,2011.76,2000.38,1992.5,5,1
11,Osako,11,1993.71,1993.71,1993.71,1993.71,0,0
12,Pavlenka,11,2049.76,1652.11,1652.11,1652.11,5,0
13,Rashica,11,2003.31,2003.31,2003.31,2003.31,2,3
14,Sargent,11,1652.53,2023.6,2018.57,2008.37,5,2.8
15,Schmid,11,2037.46,2037.46,2037.46,2037.46,0,0
16,Toprak,11,1823.16,2009.54,2015.39,2018.54,1,1
17,Veljkovic,11,1869.77,2035.46,2028.22,2027.15,3,1
18,Woltemade,11,2017.18,2017.18,2017.18,2017.18,0,0
19,Zetterer,11,2017.18,2017.18,2017.18,2017.18,0,0
0,Bazee,12,1981.49,1981.49,1981.49,1981.49,0,0
1,Caligiuri,12,772.333,1961.16,1968.14,1961.16,10,2
2,Cordova,12,1778.25,1972.84,1974.29,1976.13,1,3
3,Dorsch,12,422.618,1999.88,2006.2,1999.88,15,2
4,Finnbogason,12,1976.03,1976.03,1976.03,1976.03,1,3
5,Framberger,12,872.036,2019.63,2006.93,1999.93,9,1.22222
6,Gikiewicz,12,2018.47,285.327,285.327,285.327,21,0
7,Gouweleeuw,12,424.843,2021.63,2002,1993.91,16,1.0625
8,Gregoritsch,12,960.045,1998.97,2012.38,2030.52,7,3
9,Gruezo,12,1590.67,1953.88,1951.51,1953.88,4,2
10,Gumny,12,351.689,2021.33,2015.95,2006.65,18,1
11,Hahn,12,379.43,1982.3,2007.22,1993.98,17,2.58822
12,Iago,12,427.276,2039.16,2022.67,2007.43,16,1
13,Jensen,12,1607.33,1973.52,1969.12,1973.52,2,2
14,Koubek,12,1981.49,1981.49,1981.49,1981.49,0,0
15,Maier,12,702.137,1981.08,1982.06,1981.08,12,2
16,Moravek,12,966.399,2007.66,2023.96,2007.66,8,2
17,Niederlechner,12,787.706,1994.49,2004.66,2016.34,10,3
18,Oxford,12,383.215,2043.12,2018.09,1997.47,18,1
19,Pedersen,12,1176.07,1959.61,1956.69,1966.9,6,1.66667
20,Pepi,12,1623.57,2000.49,2000.75,1999.99,2,3
21,Seong-Hoon,12,1981.49,1981.49,1981.49,1981.49,0,0
22,Strobl,12,1603.5,1972.14,1971.33,1972.14,3,2
23,Suchy,12,1978.77,1978.77,1978.77,1978.77,1,1
24,Uduokhai,12,1207.06,1994.44,2010.78,2018.81,6,1
25,Vargas,12,340.969,1962.6,1969.26,1963.53,18,2.38888
26,Winther,12,1806.69,1985.43,1994.96,2000.35,1,1
27,Zeqiri,12,972.127,2009.57,2013.3,2012.27,7,2.85714
0,Andersson,13,643.53,1993.6,1992.44,1984,12,3
1,Arokodare,13,1990.32,1990.32,1990.32,1990.32,0,0
2,Arrey_Mbi,13,1999.09,1999.09,1999.09,1999.09,0,0
3,Chabot,13,2009.07,2009.07,2009.07,2009.07,0,0
4,Dennis,13,1994.64,1994.64,1994.64,1994.64,0,0
5,Drexler,13,1812.44,2007.35,2005.34,2001.45,2,2.5
6,Duda,13,474.822,2016.52,2017.43,2022.84,16,2.125
7,Ehizibue,13,1460.46,1956.83,1973.46,1982.36,4,1
8,Hector,13,381.341,2020.1,1989.7,1981.46,18,1.22222
9,Hoger,13,1980.5,1980.5,1980.5,1980.5,0,0
10,Horn,13,1997.92,710.767,710.767,710.767,12,0
11,Horn,13,1781.44,1958.18,1966.14,1970.57,3,1
12,Huebers,13,675.72,1964.31,1935.99,1915.59,10,1
13,Jakobs,13,1814.03,2030.4,2020.73,2014.55,1,1
14,Kainz,13,317.378,2043.36,2062.93,2038.5,19,2.1579
15,Kilian,13,773.791,1994.37,1984.45,1975.34,9,1
16,Limnios,13,1986.67,1986.67,1986.67,1986.67,0,0
17,Ljubicic,13,645.442,2035.39,2062.82,2050.02,11,2.18183
18,Meyer,13,1975.95,1975.95,1975.95,1975.95,0,0
19,Modeste,13,386.953,2015.49,2031.94,2049.69,16,3
20,Ozcan,13,636.023,2010.7,2024.31,2010.7,11,2
21,Perez,13,1186.21,1983.93,1985.67,1984.96,5,1
22,Schaub,13,1321.82,2019.07,2030.46,2019.07,4,2
23,Schindler,13,1725.63,1916.61,1915.53,1914.55,1,1
24,Schmitz,13,381.046,2033.52,2011.31,1992.33,17,1
25,Schwaebe,13,2028.47,787.147,787.147,787.147,9,0
26,Skhiri,13,647.053,2013.87,2025.31,2014.46,13,1.92308
27,Thielmann,13,1073.61,2012.2,2025.13,2017.32,6,2.33333
28,Uth,13,628.481,1966.8,1992.09,2019.81,11,2.63635
29,Zieler,13,1990.32,1990.32,1990.32,1990.32,0,0
0,Albrecht,14,1974.59,1974.59,1974.59,1974.59,0,0
1,Alderette,14,1607.76,2003.49,1989,1979.25,3,1
2,Ascacibar,14,427.762,1997.71,1987.13,1997.71,16,2
3,Belfodil,14,623.178,1963.65,1983.35,2009.8,11,3
4,Bjoerkan,14,1998.09,1998.09,1998.09,1998.09,0,0
5,Boyata,14,519.15,2000.18,1989.42,1978.05,14,1
6,Cordoba,14,1796.28,1987.44,1985.44,1980.87,2,3
7,Cunha,14,1618.83,1982.32,1977.85,1984.37,3,2.66667
8,Dardai,14,971.59,1992.81,2005.05,2000.15,9,1.22222
9,Darida,14,465.383,1995.94,2002.87,1995.94,14,2
10,Dilrosun,14,1452.43,1978.88,1984.33,1999.11,4,2.5
11,Ekkelenkamp,14,1321.01,2008.82,2013.15,2006.85,4,2.25
12,Gechter,14,1632.57,2006.76,2010.14,2011.45,2,1
13,Guendouzi,14,2007.05,2025.93,2046.33,2025.93,2,2
14,Jarstein,14,1994.22,1994.22,1994.22,1994.22,0,0
15,Jovetic,14,874.728,2005.96,2012.19,2017.83,8,3
16,K.Boateng,14,1324.5,2002.1,2002.36,2002.1,4,2
17,Kempf,14,652.629,2009.73,2016.23,2016.13,13,1
18,Klunter,14,1195.12,2046.41,2041.21,2019.8,6,1.16667
19,Leckie,14,1602.38,1965.18,1961.65,1954.62,2,3
20,Lee,14,2008.07,2008.07,2008.07,2008.07,0,0
21,Maolida,14,872.251,2004.55,2003.31,2007.23,8,2.62499
22,Mittelstadt,14,698.819,1967.54,1987.4,1995.05,11,1.36364
23,Ngankam,14,1775.24,1964.06,1959.05,1950.18,1,3
24,Nsona,14,1998.09,1998.09,1998.09,1998.09,0,0
25,Pekarik,14,699.859,1981.38,1978.32,1972.61,11,1
26,Plattenhardt,14,713.218,1979.05,1978.3,1985.41,10,1.3
27,Radonkic,14,1605.47,1971.95,1974.92,1978.08,3,3
28,Redan,14,1974.59,1974.59,1974.59,1974.59,0,0
29,Richter,14,633.986,2004.79,2042.32,2048.81,12,2.33334
30,Schwolow,14,1997.09,230.969,230.969,230.969,23,0
31,Selke,14,978.254,2003.93,1999.38,1987.01,8,3
32,Serdar,14,456.059,1940.82,1954.35,1967.82,15,2.4
33,Stark,14,346.229,1981.97,1988.82,1986.56,18,1
34,Tousart,14,577.057,1967.47,1973.45,1982.4,13,1.92308
0,Andrade,15,1190.45,2021.27,2013.56,2007.16,5,1
1,Bello,15,1998.09,1998.09,1998.09,1998.09,0,0
2,Brunner,15,288.556,2067.18,2051.57,2035.32,20,1
3,Castro,15,1829.3,2025.78,2019.82,2025.78,2,2.5
4,Consbruch,15,1973.64,1973.64,1973.64,1973.64,0,0
5,De_Medina,15,1581.38,1947.41,1947.53,1946.93,3,1
6,Doan,15,1569.96,1927.33,1927.7,1927.24,4,3
7,Edmundsson,15,1973.64,1973.64,1973.64,1973.64,0,0
8,Frommann,15,1973.64,1973.64,1973.64,1973.64,0,0
9,Gebauer,15,1969.35,1969.35,1969.35,1969.35,1,2
10,Hack,15,928.145,1916.26,1925.81,1921.17,8,2.37501
11,Hartel,15,1945.47,1945.47,1945.47,1945.47,0,0
12,Ince,15,1998.09,1998.09,1998.09,1998.09,0,0
13,Kapino,15,1942.71,1405.86,1405.86,1405.86,6,0
14,Klos,15,570.088,1941.76,1942.76,1937.55,14,3
15,Krueger,15,672.648,1908.19,1928.18,1962.28,14,2.92857
16,Kunze,15,953.633,1969.89,1972.12,1969.89,7,2
17,Lasme,15,1278.13,1929.72,1926.6,1923.96,4,2.75
18,Laursen,15,698.933,1981.89,1970.97,1960.97,10,1
19,Nilsson,15,287.488,2060.07,2044.1,2027.67,21,1
20,Okugawa,15,285.486,2040.52,2072.09,2037.9,21,2.33334
21,Ortega_Moreno,15,2026.26,314.995,314.995,314.995,20,0
22,Pieper,15,347.329,2035.81,2016.08,1998.24,19,1
23,Prietl,15,522.46,1991.47,2004.44,1991.47,15,2
24,Ramos,15,1809.05,2010.76,2009.9,2009.03,1,1
25,Rehnen,15,1973.64,1973.64,1973.64,1973.64,0,0
26,Schipplock,15,1961.23,1961.23,1961.23,1961.23,0,0
27,Schopf,15,464.6,1983.71,1992.57,1983.71,14,2
28,Serra,15,764.237,1949.9,1968.63,1994.12,12,3
29,Soukoou,15,1957.8,1957.8,1957.8,1957.8,0,0
30,Van_der_Hoorn,15,1953.06,1953.06,1953.06,1953.06,0,0
31,Vasilladis,15,1071.51,2017.31,2027.71,2017.31,6,2
32,Vlap,15,1966.07,1966.07,1966.07,1966.07,0,0
33,Wimmer,15,453.976,1932.57,1954.41,1974.8,18,2.16667
34,Yabo,15,1979.78,1979.78,1979.78,1979.78,0,0
0,Barreiro,16,329.901,2085.59,2072.42,2085.59,21,2
1,Bell,16,321.69,2044.22,2052.48,2050.42,20,1
2,Boetius,16,866.742,1978.24,1975.84,1978.33,10,2.1
3,Brosinski,16,1299.42,1962.47,1947.54,1956.25,5,1.8
4,Burgzorg,16,2009.08,2009.08,2009.08,2009.08,0,0
5,Burkardt,16,346.016,1988.39,1993.37,1991.55,18,3
6,Caricol,16,1803.87,2008.1,2015.91,2008.1,1,2
7,Dahmen,16,1960.56,1765.35,1765.35,1765.35,1,0
8,Fernandes,16,1961.95,1961.95,1961.95,1961.95,0,0
9,Glatzel,16,1788.67,1983.51,1984.76,1986.24,1,3
10,Hack,16,521.712,2011.34,2006.36,1998.72,14,1
11,Hanin,16,1980.46,1980.46,1980.46,1980.46,0,0
12,Ingvartsen,16,1072.89,1983.41,1978.58,1979.58,8,2.37501
13,Kohr,16,1003.11,2055.32,2043.98,2055.32,9,2
14,Latza,16,1811.85,2011.66,2014.27,2011.66,2,2
15,Lee,16,456.447,1917.01,1897.2,1914.21,17,2.17648
16,Lucoqui,16,798.726,2038.89,2012.51,2012.2,11,1.45455
17,Malong,16,1950.8,1950.8,1950.8,1950.8,0,0
18,Martin,16,709.317,2010.77,2012.98,2010.77,10,2
19,Mwene,16,1882.39,2076.99,2068.55,2076.99,4,2
20,Nebel,16,1611.99,1980.14,1978.45,1980.14,2,2
21,Niakhate,16,394.119,2059.84,2058.22,2050.98,19,1
22,Onisiwo,16,389.213,2030.82,2038.58,2041.24,19,3
23,Papela,16,1980.46,1980.46,1980.46,1980.46,0,0
24,Quaison,16,1777.94,1969.91,1970.2,1970.11,2,3
25,St_Juste,16,802.095,2031.76,2030.87,2026.73,12,1
26,Stach,16,640.319,2015.03,2017,2015.03,11,2
27,Stoger,16,1773.33,1968.52,1968.81,1968.71,1,3
28,Szalai,16,1617.27,1985.35,1981.87,1974.87,3,3
29,Tauer,16,1454.4,1977.6,1972.25,1977.6,3,2
30,Widmer,16,314.61,2008.22,2035.26,2024.22,18,1.72221
31,Zentner,16,2031.42,288.904,288.904,288.904,22,0
0,Aydin,17,1786.61,1990.98,2001.37,1990.98,2,2
1,Becker,17,1485.53,2015.74,2017.43,2018.97,3,1.33333
2,Bentaleb,17,1978,1978,1978,1978,0,0
3,Boujellab,17,1989.37,1989.37,1989.37,1989.37,0,0
4,Bozdogan,17,2024.35,2024.35,2024.35,2024.35,0,0
5,Calhanoglu,17,1985.62,1985.62,1985.62,1985.62,0,0
6,Fahrmann,17,1997.17,1472.97,1472.97,1472.97,4,0
7,Flick,17,1592.32,1965.82,1975.41,1965.82,2,2
8,Harit,17,1446.34,1981.03,1997.02,1997.48,4,2.5
9,Hoppe,17,1620.91,1992.72,1996.01,1994.19,2,2.5
10,Huntelaar,17,1632.64,2009.69,2017.06,2028.15,3,3
11,Idrizi,17,1586.09,1958.13,1967.72,1958.13,2,2
12,Kolasinac,17,1780.99,1973.41,1972.62,1973.41,2,2
13,Ludewig,17,1992.82,1992.82,1992.82,1992.82,0,0
14,Mascarell,17,1953.56,1953.56,1953.56,1953.56,1,2
15,Mendyl,17,1811.33,2001.64,2004.25,2005.46,1,1
16,Mercan,17,2012.16,2012.16,2012.16,2012.16,0,0
17,Mustafi,17,1475.12,2000.06,2003.63,2004.7,4,1
18,Nastasic,17,1982.86,1982.86,1982.86,1982.86,0,0
19,Paciencia,17,1973.89,1973.89,1973.89,1973.89,1,3
20,Raman,17,1963.41,1963.41,1963.41,1963.41,0,0
21,Ronnow,17,1789.23,1984.82,1987.33,1984.82,1,2
22,Sane,17,1461.05,1988.51,1992,1989.35,3,1.33333
23,Skrzybski,17,2002.05,2002.05,2002.05,2002.05,0,0
24,Stambouli,17,1798.04,1995.75,2002.14,2012.2,2,2
25,Thiaw,17,2001.31,2001.31,2001.31,2001.31,1,1
26,William,17,1787.66,1983.07,1985.59,1983.07,1,2
0,Antwi-Adjei,18,847.876,1941.9,1943.63,1941.9,11,2.90909
1,Asano,18,1031.83,1931.25,1941.92,1944.42,6,2.83333
2,Bella_Kotchap,18,449.973,1999.84,1955.97,1924.93,18,1
3,Blum,18,1947.87,1947.87,1947.87,1947.87,2,3
4,Bockhorn,18,1150.4,1972.6,1948.87,1932.98,8,1.25
5,Bonga,18,1564.48,1923.86,1928.41,1934.88,2,3
6,Chibsah,18,1920.64,1920.64,1920.64,1920.64,0,0
7,Decarli,18,1920.64,1920.64,1920.64,1920.64,0,0
8,Drewes,18,1920.38,1557.43,1557.43,1557.43,3,0
9,Eisfeld,18,1721.46,1909.66,1910.74,1909.66,2,2.5
10,Ekincier,18,1920.64,1920.64,1920.64,1920.64,0,0
11,Esser,18,1904.31,1381.79,1381.79,1381.79,7,0
12,Gamboa,18,747.734,2001.78,1954.1,1922.5,13,1
13,Hartwig,18,1920.64,1920.64,1920.64,1920.64,0,0
14,Holtmann,18,337.326,1949.12,1972.36,2001.34,21,3
15,Lampropoulos,18,845.017,1965.04,1945.94,1931.76,8,1
16,Leitsch,18,609.074,2004.11,1956.87,1924.84,15,1
17,Locadia,18,1317.07,2007.17,2017.5,2032.33,4,3
18,Loewen,18,1075.9,2017.85,2029.45,2017.85,6,2
19,Losilla,18,302.532,1989.36,2051.34,1989.36,22,2
20,Masovic,18,933.238,1984.59,1955.63,1935.89,7,1
21,Osterhage,18,1462.87,2018.08,2034.09,2018.08,3,2
22,Pantovic,18,552.101,1941.47,1970.83,1951.64,13,2.53846
23,Polter,18,582.491,2008.25,2015,2019.13,12,3
24,Rexhbecaj,18,317.762,2084.15,2137.02,2084.15,19,2
25,Riemann,18,2039.24,369.295,369.295,369.295,19,0
26,Soares,18,271.427,2035.5,1973.66,1930.16,21,1
27,Stafylidis,18,864.155,2002.48,1991.77,1982.54,8,1
28,Tesche,18,1033.24,1939.38,1959.12,1939.38,10,2
29,Weilandt,18,1920.64,1920.64,1920.64,1920.64,0,0
30,Zoller,18,1044.85,1938.74,1948.72,1961.93,10,3
31,Zulj,18,1583.27,1954.47,1963.78,1954.47,5,2.6
0,Abiama,19,1270.86,1924.58,1931.31,1940.26,4,3
1,Asta,19,1728.78,1911.73,1915.82,1917.94,1,1
2,Barry,19,1730.51,1912.63,1916.26,1918.11,1,1
3,Bauer,19,508.486,1970.08,1948.26,1930.72,17,1
4,Berggreen,19,1918.77,1918.77,1918.77,1918.77,0,0
5,Burchert,19,1982.68,411.512,411.512,411.512,19,0
6,Cavar,19,1918.77,1918.77,1918.77,1918.77,0,0
7,Christiansen,19,872.999,2028.61,2044.68,2028.61,8,2
8,Dudziak,19,613.505,1926.04,1939.13,1959.01,13,2.76923
9,Ernst,19,1576.37,1937.89,1943.17,1950.81,5,2.6
10,Funk,19,1919.23,1408.65,1408.65,1408.65,3,0
11,Green,19,948.421,1966.03,1986.8,1966.03,11,2.27273
12,Griesbeck,19,433.92,2052.24,2042.87,2042.27,15,1.4
13,Hrgota,19,307.947,1960.93,1979.56,2008.35,22,2.95454
14,Itter,19,929.744,1936.54,1927.1,1919.78,8,1.125
15,Jung,19,1729.77,1916.11,1917.05,1917.26,1,1
16,Kehr,19,1918.77,1918.77,1918.77,1918.77,0,0
17,Leweling,19,835.804,1926.91,1935.69,1953.94,8,2.875
18,Linde,19,1981.09,1782.22,1782.22,1782.22,1,0
19,Mavraj,19,1918.77,1918.77,1918.77,1918.77,0,0
20,Meyerhofer,19,336.469,1994.4,1961.34,1936.44,21,1.04762
21,Nielsen,19,632.033,1958.2,1973.3,1991.74,15,2.86666
22,Pululu,19,1989.11,1989.11,1989.11,1989.11,0,0
23,Raschl,19,1991.33,1991.33,1991.33,1991.33,0,0
24,Seguin,19,306.089,1980.94,2013.11,1980.94,22,2
25,Stach,19,1419.04,1932.64,1932.75,1932.64,6,2
26,T.Tillman,19,553.559,1935.9,1943.32,1924.87,12,2.08333
27,Viergever,19,711.768,2026.73,2019.14,2011,10,1
28,Willems,19,640.363,2029.18,2014.78,2002.23,11,1
0,Ambrosius,20,1934.38,1934.38,1934.38,1934.38,3,1
1,David,20,1946.49,1946.49,1946.49,1946.49,0,0
2,Gjasula,20,1930.95,1929.2,1928.2,1929.2,2,2
3,Gyamerah,20,1747.67,1924.14,1930.94,1934.67,2,1.5
4,Heil,20,1946.49,1946.49,1946.49,1946.49,0,0
5,Heuer_Fernandes,20,1946.49,1946.49,1946.49,1946.49,0,0
6,Heyer,20,1739.82,1915.41,1922.21,1925.95,4,1.25
7,Hunt,20,1917.52,1915.78,1914.78,1915.78,4,2
8,Jatta,20,1753.5,1939.41,1934.61,1939.41,2,2.5
9,Kinsombi,20,1747.67,1932.93,1928.13,1932.93,2,2
10,Kittel,20,1742.7,1925.56,1919.97,1922.89,5,2.8
11,Kwarteng,20,1946.49,1946.49,1946.49,1946.49,0,0
12,Leibold,20,1743.06,1920.62,1926.24,1928.93,5,1.2
13,Leistner,20,1761.06,1940.63,1946.25,1948.92,3,1
14,Meissner,20,1717.71,1905.46,1907.79,1911.13,1,3
15,Narey,20,1948.4,1946.54,1945.76,1943.89,1,3
16,Onana,20,1756.59,1942.84,1938.04,1942.84,1,2
17,Terodde,20,1742.7,1931.36,1932.92,1934.38,5,3
18,Vagnoman,20,1936.27,1937.86,1936.69,1935.64,4,1
19,Van_Drongelen,20,1948.4,1949.99,1948.82,1947.77,1,1
20,Wintzheimer,20,1934.53,1932.68,1931.88,1930,3,3
0,Arslan,21,1755.04,1954.04,1964.4,1954.04,12,0.166667
1,Awuku,21,1943.6,1943.6,1943.6,1943.6,0,0
2,Bartels,21,1297.21,1954.12,1960.03,1978.56,6,2.66667
3,Dahne,21,1944.74,1296.66,1296.66,1296.66,7,0
4,Dehm,21,1584.89,1940.66,1943.64,1944.41,4,1
5,Gelios,21,1943.6,1943.6,1943.6,1943.6,0,0
6,Girth,21,1753.56,1944.08,1945.37,1946.95,1,3
7,Hauptmann,21,1765.36,1949.53,1942.93,1949.53,4,2
8,Ignjovski,21,1943.6,1943.6,1943.6,1943.6,0,0
9,Kirkeskov,21,1943.6,1943.6,1943.6,1943.6,0,0
10,Komenda,21,1945.5,1945.3,1945.02,1944.51,1,1
11,Lorenz,21,1296.58,1944.12,1948.51,1949.41,7,1
12,Mees,21,1947.39,1947.39,1947.39,1947.39,1,2
13,Meffert,21,1299.71,1951.62,1945.58,1951.62,7,2
14,Muhling,21,1430.04,1945.68,1946.23,1945.68,3,2
15,Neumann,21,1588.64,1947.04,1948.45,1948.61,3,1
16,Porath,21,1758.55,1951.36,1957.93,1968.3,2,2.5
17,Reese,21,1435.54,1950.14,1949.46,1957.61,5,2.6
18,Sterner,21,1943.6,1943.6,1943.6,1943.6,0,0
19,Thesker,21,1943.6,1943.6,1943.6,1943.6,0,0
20,Van_den_Bergh,21,1295.33,1942.42,1947.09,1948.5,6,1
21,Wahl,21,1296.58,1944.12,1948.51,1949.41,7,1
0,Appelkamp,22,1586.45,1954.2,1961.07,1952.32,2,2.5
1,Bodzek,22,1611.43,1976.65,1975.5,1976.65,5,2
2,Borrello,22,1928.97,1928.97,1928.97,1928.97,1,2
3,Danso,22,1595.85,1941.23,1949.9,1954.06,6,1
4,Gul,22,1946.39,1946.39,1946.39,1946.39,0,0
5,Hartherz,22,1946.39,1946.39,1946.39,1946.39,0,0
6,Hennings,22,1946.39,1946.39,1946.39,1946.39,0,0
7,Hoffmann,22,1946.39,1946.39,1946.39,1946.39,0,0
8,Iyoha,22,1755.77,1948.08,1951.18,1955.79,1,3
9,Karaman,22,1586.45,1940.81,1935.51,1948.52,2,2.5
10,Kastenmeier,22,1943.15,1596.45,1596.45,1596.45,6,0
11,Klarer,22,1755.77,1957.43,1952.01,1948.41,1,1
12,Klaus,22,1602.22,1966.92,1969.43,1972.77,5,2.6
13,Koutris,22,1595.85,1941.23,1949.9,1954.06,6,1
14,Kownacki,22,1765.29,1955.19,1957.97,1961.47,5,3
15,Krajnc,22,1768.79,1930.2,1944.28,1952.05,5,1
16,Ofori,22,1946.39,1946.39,1946.39,1946.39,0,0
17,Peterson,22,1948.4,1947.54,1947.45,1947.54,4,2.25
18,Piotrowski,22,1928.97,1928.97,1928.97,1928.97,1,2
19,Pledl,22,1946.39,1946.39,1946.39,1946.39,0,0
20,Prib,22,1770.4,1951.66,1943.15,1951.66,5,2
21,Siebert,22,1946.39,1946.39,1946.39,1946.39,0,0
22,Sobottka,22,1767.81,1966.47,1973.74,1966.47,5,2
23,Touglo,22,1946.39,1946.39,1946.39,1946.39,0,0
24,Wolf,22,1946.39,1946.39,1946.39,1946.39,0,0
25,Zimmermann,22,1595.85,1941.23,1949.9,1954.06,6,1
0,Burnic,23,1944.45,1944.45,1944.45,1944.45,0,0
1,Busch,23,1573.88,1932.41,1932.99,1932.65,6,1.16667
2,Eicher,23,1919.49,1919.49,1919.49,1919.49,0,0
3,Fohrenbach,23,1575.02,1933.83,1934.41,1934.07,6,1
4,Geipl,23,1928.31,1928.31,1928.31,1928.31,1,2
5,Husing,23,1575.02,1943.17,1941.16,1940.93,6,1.33333
6,Kerschbaumer,23,1583.78,1950.91,1957.19,1955.07,2,2.5
7,Kleindienst,23,1759.54,1950.37,1951.52,1952.87,5,3
8,Kuehlwetter,23,1577.34,1929.31,1934.83,1938.44,5,2.6
9,Leipertz,23,1752.18,1942.21,1943.36,1944.71,5,2.2
10,Mainka,23,1744.82,1941.41,1937.63,1935.02,5,1
11,Mohr,23,1941.83,1941.83,1941.83,1941.83,4,2
12,Mollo,23,1754.87,1946.21,1947.99,1950.37,1,3
13,Muller,23,1942.67,1745.79,1745.79,1745.79,5,0
14,Pick,23,1944.45,1944.45,1944.45,1944.45,0,0
15,Ramusovic,23,1944.45,1944.45,1944.45,1944.45,0,0
16,Rittmueller,23,1944.45,1944.45,1944.45,1944.45,0,0
17,Schimmer,23,1754.87,1940.33,1935.05,1940.33,1,2
18,Schnatterer,23,1754.87,1940.33,1935.05,1940.33,1,2
19,Schoeppner,23,1766.71,1962.66,1967.17,1962.66,4,2
20,Sessa,23,1941.76,1941.76,1941.76,1941.76,2,2.5
21,Stark,23,1944.45,1944.45,1944.45,1944.45,0,0
22,Steurer,23,1944.45,1944.45,1944.45,1944.45,0,0
23,Theuerkauf,23,1754.87,1940.33,1935.05,1940.33,1,2
24,Thiel,23,1942.63,1754.87,1754.87,1754.87,1,0
25,Thomalla,23,1588.83,1947.8,1956.67,1954.43,5,2.4
0,Aremu,24,1929.93,1929.93,1929.93,1929.93,1,2
1,Avevor,24,1943.45,1943.45,1943.45,1943.45,0,0
2,Becker,24,1780.42,1962.26,1952.66,1962.26,5,2
3,Benatelli,24,1617.95,1968.4,1950.24,1968.4,5,2
4,Brodersen,24,1943.45,1943.45,1943.45,1943.45,0,0
5,Buballa,24,1943.45,1943.45,1943.45,1943.45,0,0
6,Buchtmann,24,1943.45,1943.45,1943.45,1943.45,0,0
7,Burgstaller,24,1591.23,1947.74,1940.68,1927.78,5,3
8,Coordes,24,1943.45,1943.45,1943.45,1943.45,0,0
9,Daschner,24,1943.45,1943.45,1943.45,1943.45,0,0
10,Dittgen,24,1764.83,1953.95,1950.59,1944.4,2,3
11,Dzwigala,24,1946.9,1946.9,1946.9,1946.9,1,1
12,Knoll,24,1943.45,1943.45,1943.45,1943.45,0,0
13,Kyereh,24,1601.12,1959.93,1952.89,1939.99,6,3
14,Lawrence,24,1593.51,1931.51,1943.95,1950.73,5,1
15,Makienok,24,1943.45,1943.45,1943.45,1943.45,0,0
16,Matanovic,24,1943.45,1943.45,1943.45,1943.45,0,0
17,Miyaichi,24,1943.45,1943.45,1943.45,1943.45,0,0
18,Ohlsson,24,1943.45,1943.45,1943.45,1943.45,0,0
19,Paqarada,24,1596.3,1934.95,1947.4,1954.18,6,1
20,Reginiussen,24,1941.28,1941.28,1941.28,1941.28,1,1
21,Smarsch,24,1894.97,1713.39,1713.39,1713.39,1,0
22,Smith,24,1943.45,1943.45,1943.45,1943.45,0,0
23,Stojanovic,24,1940.02,1769.06,1769.06,1769.06,5,0
24,Viet,24,1753.87,1936.05,1927.5,1936.05,1,2
25,Wieckhoff,24,1943.45,1943.45,1943.45,1943.45,0,0
26,Zalazar,24,1607,1954.88,1936.72,1954.88,6,2
27,Zander,24,1596.3,1934.95,1947.4,1954.18,6,1
28,Ziereis,24,1598.06,1937.12,1949.56,1956.34,5,1
0,Amaechi,25,1930.63,1930.63,1930.63,1930.63,0,0
1,Batmaz,25,1564.53,1935.44,1950.06,1935.44,3,2.33333
2,Bormuth,25,1930.63,1930.63,1930.63,1930.63,0,0
3,Breithaupt,25,1566.81,1939.35,1956.58,1939.35,5,2
4,Carlson,25,1930.63,1930.63,1930.63,1930.63,0,0
5,Choi,25,1920.37,1920.37,1920.37,1920.37,2,2
6,Dinger,25,1930.63,1930.63,1930.63,1930.63,0,0
7,FEHLER,25,1930.63,1930.63,1930.63,1930.63,0,0
8,Froede,25,1930.63,1930.63,1930.63,1930.63,0,0
9,Gersbeck,25,1936.71,1579.96,1579.96,1579.96,6,0
10,Goller,25,1932.51,1931.25,1931.34,1930.91,1,3
11,Gondorf,25,1568.25,1941.14,1958.35,1941.14,6,2
12,Gordon,25,1932.51,1937.01,1934.37,1932.46,1,1
13,Groiá,25,1930.63,1930.63,1930.63,1930.63,0,0
14,Gueye,25,1932.51,1931.25,1931.34,1930.91,1,3
15,Hanek,25,1930.63,1930.63,1930.63,1930.63,0,0
16,Heise,25,1577.91,1929.41,1933.01,1934.14,5,1
17,Hofmann,25,1567.18,1931.39,1945.95,1968.54,5,3
18,Jung,25,1587.03,1940.68,1944.27,1945.39,4,1
19,Kobald,25,1579.43,1935.8,1936.76,1935.97,6,1
20,Kother,25,1920.37,1920.37,1920.37,1920.37,2,2
21,Kuster,25,1930.63,1930.63,1930.63,1930.63,0,0
22,Lorenz,25,1934.39,1933.23,1934.16,1932.89,2,2.5
23,Pisot,25,1930.63,1930.63,1930.63,1930.63,0,0
24,Rabold,25,1930.63,1930.63,1930.63,1930.63,0,0
25,Thiede,25,1567.46,1943.68,1956.52,1939.12,5,1.6
26,Trivunic,25,1930.63,1930.63,1930.63,1930.63,0,0
27,Wanitzek,25,1568.25,1938.89,1954.44,1938.54,6,2.16667
0,Akolo,26,1945.13,1945.13,1945.13,1945.13,1,3
1,Ananou,26,1947.48,1947.48,1947.48,1947.48,3,1
2,Buergy,26,1931.53,1931.53,1931.53,1931.53,0,0
3,Collins,26,1594.45,1924.35,1941.54,1951.16,6,1
4,Correia,26,1947.73,1947.73,1947.73,1947.73,1,1
5,Doerfler,26,1581.5,1908.36,1925.56,1935.19,3,1
6,Heller,26,1931.53,1931.53,1931.53,1931.53,0,0
7,Huenemeier,26,1931.53,1931.53,1931.53,1931.53,0,0
8,Huth,26,1941.67,1941.67,1941.67,1941.67,1,0
9,Ingelsson,26,1743.12,1942.07,1952.44,1942.07,1,2
10,Justvan,26,1589.32,1953.16,1953.93,1953.16,6,2.16667
11,Nkaka,26,1594.45,1924.35,1941.54,1951.16,6,1
12,Okoroji,26,1931.53,1931.53,1931.53,1931.53,0,0
13,Owusu,26,1931.53,1931.53,1931.53,1931.53,0,0
14,Proeger,26,1931.53,1931.53,1931.53,1931.53,0,0
15,Schallenberg,26,1594.73,1959.83,1960.6,1959.83,6,2
16,Schonlau,26,1581.29,1908.09,1925.29,1934.92,5,1
17,Schulze,26,1931.53,1931.53,1931.53,1931.53,0,0
18,Srbeny,26,1587.55,1954,1961.41,1972.62,6,3
19,Terrazzino,26,1931.53,1931.53,1931.53,1931.53,0,0
20,Thalhammer,26,1745.18,1925.23,1915.61,1925.23,3,2
21,Vasiliadis,26,1952.36,1952.36,1952.36,1952.36,1,2
22,Zingerle,26,1916.27,1586.83,1586.83,1586.83,5,0
0,Ballas,27,1588.87,1924.89,1938.35,1945.74,5,1
1,Baumgart,27,1928.64,1928.64,1928.64,1928.64,0,0
2,Breitkreuz,27,1581.59,1915.9,1929.36,1936.75,5,1
3,Bussmann,27,1748.57,1918.54,1928.15,1933.57,4,1.25
4,Cacutalua,27,1928.64,1928.64,1928.64,1928.64,0,0
5,Fandrich,27,1581.97,1927.07,1910.85,1927.07,4,2
6,Gnjatic,27,1922.08,1922.08,1922.08,1922.08,2,2
7,Gonther,27,1593.67,1930.81,1944.27,1951.65,6,1
8,Haertel,27,1928.64,1928.64,1928.64,1928.64,0,0
9,Hochscheidt,27,1917.16,1917.16,1917.16,1917.16,1,3
10,Jeck,27,1928.64,1928.64,1928.64,1928.64,0,0
11,Jonjic,27,1928.64,1928.64,1928.64,1928.64,0,0
12,Kalig,27,1928.64,1928.64,1928.64,1928.64,0,0
13,Klewin,27,1943.92,1943.92,1943.92,1943.92,1,0
14,Maennel,27,1916.87,1582,1582,1582,5,0
15,Majetschak,27,1928.64,1928.64,1928.64,1928.64,0,0
16,Nazarov,27,1563.05,1903.73,1887.49,1903.73,6,2.66667
17,Riese,27,1580.1,1924.75,1908.53,1924.75,5,2
18,Rizzuto,27,1928.64,1928.64,1928.64,1928.64,0,0
19,Samson,27,1915.84,1915.84,1915.84,1915.84,1,2
20,Strauss,27,1763.09,1947.04,1950.88,1952.84,5,1.2
21,Testroet,27,1563.05,1921.19,1924.74,1929.54,6,3
22,Zolinski,27,1572.88,1933.31,1936.87,1941.67,4,3
23,Zulechner,27,1928.64,1928.64,1928.64,1928.64,0,0
0,Basdas,28,1740.76,1930.82,1929.33,1928.1,1,1
1,Bijol,28,1729.23,1926.55,1935.86,1926.55,5,2
2,Doumbouya,28,1926.71,1926.71,1926.71,1926.71,0,0
3,Duksch,28,1431.22,1945.24,1945.36,1943.84,6,3
4,Elez,28,1404.65,1944.46,1926.49,1916.07,6,1.33333
5,Evina,28,1926.71,1926.71,1926.71,1926.71,0,0
6,Falette,28,1550.34,1939.49,1922.17,1911.1,4,1
7,Franke,28,1896.78,1896.78,1896.78,1896.78,4,1
8,Frantz,28,1739.25,1932.72,1937.61,1932.72,1,2
9,Gudra,28,1926.71,1926.71,1926.71,1926.71,0,0
10,Hansen,28,1962.08,1569.13,1569.13,1569.13,2,0
11,Hult,28,1554.83,1925.59,1917.16,1911.42,5,1
12,Kaiser,28,1742.81,1929.48,1928.83,1929.48,4,2
13,Lamti,28,1926.71,1926.71,1926.71,1926.71,0,0
14,Maina,28,1757.01,1952.45,1957.34,1952.45,2,2.5
15,Muroya,28,1546.21,1914.94,1906.51,1900.78,6,1
16,Muslija,28,1434.57,1965.02,1978.58,1965.02,7,2.28571
17,Ochs,28,1560.52,1931.59,1945.79,1931.59,3,1.66667
18,Ratajczak,28,1926.71,1926.71,1926.71,1926.71,0,0
19,Stehle,28,1926.71,1926.71,1926.71,1926.71,0,0
20,Sulejmani,28,1926.47,1926.47,1926.47,1926.47,1,3
21,Tarnat,28,1926.71,1926.71,1926.71,1926.71,0,0
22,Twumasi,28,1926.71,1926.71,1926.71,1926.71,0,0
23,Weydandt,28,1445.82,1965.24,1965.39,1963.87,6,3
0,Arslan,29,1930.43,1930.43,1930.43,1930.43,0,0
1,Bader,29,1587.7,1950.93,1950.04,1948.81,6,1
2,Berko,29,1974.15,1974.15,1974.15,1974.15,4,3
3,Campo,29,1930.43,1930.43,1930.43,1930.43,0,0
4,Clemens,29,1741.38,1932.32,1935.74,1940.87,1,3
5,Crosthwaite,29,1930.43,1930.43,1930.43,1930.43,0,0
6,Dursun,29,1608.29,1975.6,1978.94,1983.35,6,3
7,Herrmann,29,1930.43,1930.43,1930.43,1930.43,0,0
8,Hoehn,29,1587.7,1950.93,1950.04,1948.81,6,1
9,Holland,29,1587.7,1950.93,1950.04,1948.81,6,1
10,Honsak,29,1588.42,1951.09,1954.42,1958.81,4,3
11,Isherwood,29,1930.43,1930.43,1930.43,1930.43,0,0
12,Kempe,29,1962.53,1962.53,1962.53,1962.53,3,3
13,Klaus,29,1930.36,1930.36,1930.36,1930.36,2,0
14,Mai,29,1578.17,1939.16,1938.27,1937.05,5,1
15,Mehlem,29,1582.26,1949.86,1957.31,1949.86,3,2.33333
16,Palsson,29,1614.42,1989.55,1997.02,1989.55,6,2
17,Pfeiffer,29,1942.15,1942.15,1942.15,1942.15,1,1
18,Platte,29,1930.43,1930.43,1930.43,1930.43,0,0
19,Rapp,29,1611.24,1985.62,1993.09,1985.62,5,2
20,Schnellhardt,29,1934.34,1934.34,1934.34,1934.34,1,2
21,Schuhen,29,1951.82,1588.29,1588.29,1588.29,4,0
22,Seydel,29,1930.43,1930.43,1930.43,1930.43,0,0
23,Skarke,29,1765.3,1954.45,1954.36,1953.62,3,3
24,Stanilewicz,29,1930.43,1930.43,1930.43,1930.43,0,0
25,Vogler,29,1930.43,1930.43,1930.43,1930.43,0,0
26,Wittek,29,1930.43,1930.43,1930.43,1930.43,0,0
27,Zehnder,29,1930.43,1930.43,1930.43,1930.43,0,0
0,Besong,30,1928.48,1928.48,1928.48,1928.48,0,0
1,Borkowski,30,1923.23,1923.23,1923.23,1923.23,2,3
2,Dovedan,30,1756.21,1945.73,1944.45,1941.75,2,3
3,Fruechtl,30,1928.48,1928.48,1928.48,1928.48,0,0
4,Geis,30,1769.94,1962.08,1961.75,1962.08,5,2
5,Goden,30,1928.48,1928.48,1928.48,1928.48,0,0
6,Handwerker,30,1765.25,1962.34,1959.77,1957.88,5,1
7,Klandt,30,1928.48,1928.48,1928.48,1928.48,0,0
8,Knothe,30,1928.48,1928.48,1928.48,1928.48,0,0
9,Koepke,30,1928.48,1928.48,1928.48,1928.48,0,0
10,Kraetschmer,30,1928.48,1928.48,1928.48,1928.48,0,0
11,Krauss,30,1769.94,1962.08,1961.75,1962.08,5,2
12,Latteier,30,1740.42,1928.19,1926.91,1924.2,1,3
13,Lohkemper,30,1928.48,1928.48,1928.48,1928.48,0,0
14,Margreitter,30,1759.97,1956.47,1953.9,1952.01,4,1
15,Mathenia,30,1962.78,1765.59,1765.59,1765.59,5,0
16,Moeller_Daehli,30,1943.25,1943.25,1943.25,1943.25,4,2.75
17,Muehl,30,1934.33,1934.33,1934.33,1934.33,1,1
18,Nuernberger,30,1958.79,1958.79,1958.79,1958.79,3,2
19,Rosenloecher,30,1928.48,1928.48,1928.48,1928.48,0,0
20,Schaeffler,30,1927.03,1927.03,1927.03,1927.03,1,3
21,Schleusener,30,1927.03,1927.03,1927.03,1927.03,1,3
22,Shuranov,30,1752.11,1941.18,1939.89,1937.19,4,3
23,Soerensen,30,1765.25,1962.34,1959.77,1957.88,5,1
24,Sorg,30,1928.48,1928.48,1928.48,1928.48,0,0
25,Valentini,30,1765.25,1962.34,1959.77,1957.88,5,1
0,Albers,31,1409.22,1919.18,1923.5,1929.02,6,3
1,Baack,31,1923.71,1923.71,1923.71,1923.71,0,0
2,Becker,31,1923.71,1923.71,1923.71,1923.71,0,0
3,Beste,31,1415.88,1917.57,1922.35,1924.19,3,1
4,Besuschkow,31,1402.99,1906.79,1904.11,1906.79,6,2
5,Caliskaner,31,1557.41,1916.18,1923.06,1933.38,4,2.75
6,Elvedi,31,1916.74,1916.74,1916.74,1916.74,3,1
7,George,31,1567.54,1930.91,1935.57,1923.54,2,2.5
8,Gimber,31,1555.8,1916.41,1921.34,1916.41,5,1.8
9,Hein,31,1561.28,1923.9,1921.08,1918.7,3,1
10,Heister,31,1923.71,1923.71,1923.71,1923.71,0,0
11,Kennedy,31,1416.44,1918.33,1923.11,1924.95,5,1
12,Kunz,31,1923.71,1923.71,1923.71,1923.71,0,0
13,Makridis,31,1928.54,1928.54,1928.54,1928.54,2,2.5
14,Meyer,31,1912.35,1411.32,1411.32,1411.32,6,0
15,Moritz,31,1727.07,1906.4,1898.81,1906.4,2,2
16,Nachreiner,31,1923.71,1923.71,1923.71,1923.71,0,0
17,Opoku,31,1923.71,1923.71,1923.71,1923.71,0,0
18,Otto,31,1913.89,1913.89,1913.89,1913.89,2,3
19,Palionis,31,1923.71,1923.71,1923.71,1923.71,0,0
20,Saller,31,1737.53,1910.43,1918.02,1922.23,3,1
21,Schneider,31,1572.08,1930.42,1930.03,1930.42,4,2.25
22,Stolze,31,1723.63,1908.61,1906.33,1908.61,2,2
23,Vrenezi,31,1567.86,1916.12,1906.24,1916.12,2,2
24,Waehling,31,1923.71,1923.71,1923.71,1923.71,0,0
25,Wekesser,31,1410.79,1910.58,1915.36,1917.2,6,1
0,Baschmann,32,1570.66,1931.46,1935.08,1932.05,3,1.66667
1,Behrens,32,1596.78,1958.76,1955.91,1950.02,5,3
2,Biada,32,1600.66,1963.54,1960.7,1954.81,5,2.8
3,Borie,32,1927.41,1927.41,1927.41,1927.41,0,0
4,Contento,32,1740.06,1924.8,1921.06,1924.8,1,2
5,Dieckmann,32,1927.41,1927.41,1927.41,1927.41,0,0
6,Diekmeier,32,1764.69,1952.17,1948.43,1952.17,4,2
7,Esswein,32,1927.41,1927.41,1927.41,1927.41,0,0
8,Halimi,32,1927.41,1927.41,1927.41,1927.41,0,0
9,Igbokwe,32,1927.41,1927.41,1927.41,1927.41,0,0
10,Keite-Ruel,32,1596.78,1958.76,1955.91,1950.02,5,3
11,Kister,32,1567.42,1935.57,1930.57,1926.89,5,1
12,Klingmann,32,1738.68,1930.64,1933.68,1930.64,1,2
13,Linsmayer,32,1927.41,1927.41,1927.41,1927.41,0,0
14,Nartey,32,1763.3,1957.99,1961.04,1957.99,4,2
15,Nauber,32,1735.83,1935.6,1930.02,1926.33,4,1
16,Paurevic,32,1927.41,1927.41,1927.41,1927.41,0,0
17,Pena_Zauner,32,1927.41,1927.41,1927.41,1927.41,0,0
18,Roeseler,32,1927.41,1927.41,1927.41,1927.41,0,0
19,Rossipal,32,1927.41,1927.41,1927.41,1927.41,0,0
20,Scheu,32,1927.41,1927.41,1927.41,1927.41,0,0
21,Schmidt,32,1927.41,1927.41,1927.41,1927.41,0,0
22,Taffertshofer,32,1764.69,1952.17,1948.43,1952.17,4,2
23,Wulle,32,1927.41,1927.41,1927.41,1927.41,0,0
24,Xhaka,32,1927.41,1927.41,1927.41,1927.41,0,0
25,Zenga,32,1591.46,1954.55,1953.85,1954.55,4,2
26,Zhirov,32,1567.42,1935.57,1930.57,1926.89,5,1
27,Zografakis,32,1927.41,1927.41,1927.41,1927.41,0,0
0,Abdullahi,33,1732.32,1921.27,1926.09,1933.57,4,3
1,Baer,33,1730.56,1919.32,1924.14,1931.63,2,3
2,Ben_Balla,33,1558.15,1913.47,1913.98,1913.47,6,2
3,Berendt,33,1951.67,1951.67,1951.67,1951.67,2,1
4,Buerger,33,1922.66,1922.66,1922.66,1922.66,0,0
5,Burmeister,33,1922.66,1922.66,1922.66,1922.66,0,0
6,Diakhite,33,1576.37,1930.01,1932.74,1933.69,6,1
7,Dornebusch,33,1922.66,1922.66,1922.66,1922.66,0,0
8,Fejzic,33,1930.26,1576.62,1576.62,1576.62,6,0
9,Heiland,33,1922.66,1922.66,1922.66,1922.66,0,0
10,Ji,33,1901.4,1901.4,1901.4,1901.4,2,3
11,Kammerbauer,33,1907.25,1907.25,1907.25,1907.25,1,2
12,Kaufmann,33,1567.84,1925.32,1927.6,1930.29,2,3
13,Kessel,33,1560.4,1910.28,1913.01,1913.98,3,1
14,Kijewski,33,1922.66,1922.66,1922.66,1922.66,0,0
15,Klass,33,1922.66,1922.66,1922.66,1922.66,0,0
16,Kobylanski,33,1743.22,1930.52,1927.98,1923.18,3,3
17,Kroos,33,1561.33,1917.41,1917.92,1917.41,6,2.33333
18,Kupusovic,33,1922.66,1922.66,1922.66,1922.66,0,0
19,May,33,1922.66,1922.66,1922.66,1922.66,0,0
20,Nikolaou,33,1560.24,1916.06,1916.57,1916.06,3,1.66667
21,Otto,33,1922.66,1922.66,1922.66,1922.66,0,0
22,Proschwitz,33,1730.47,1916.36,1913.82,1909.01,4,3
23,Schlueter,33,1571.31,1923.75,1926.48,1927.43,6,1.16667
24,Schwenk,33,1922.66,1922.66,1922.66,1922.66,0,0
25,Wiebe,33,1571.31,1923.75,1926.48,1927.43,6,1.16667
26,Wydra,33,1916.96,1916.96,1916.96,1916.96,4,1.75
27,Ziegele,33,1922.66,1922.66,1922.66,1922.66,0,0
0,Ajdini,34,1551.73,1909.31,1907.17,1905.21,9,1.66668
1,Amenyido,34,1565.55,1938,1953.95,1938,2,2
2,Auge,34,1921.69,1921.69,1921.69,1921.69,0,0
3,Bapoh,34,1903.64,1903.64,1903.64,1903.64,1,2
4,Beermann,34,1552.49,1910.24,1908.1,1906.14,7,1
5,Blacha,34,1902.65,1902.65,1902.65,1902.65,4,2
6,Engel,34,1921.69,1921.69,1921.69,1921.69,0,0
7,Grot,34,1921.69,1921.69,1921.69,1921.69,0,0
8,Gugganig,34,1889.6,1889.6,1889.6,1889.6,4,1
9,Heider,34,1899.09,1899.09,1899.09,1899.09,2,2.5
10,Henning,34,1905.86,1905.86,1905.86,1905.86,4,2
11,Ihorst,34,1921.69,1921.69,1921.69,1921.69,0,0
12,Kerk,34,1564.91,1926.85,1936.9,1952.53,6,2.83333
13,Klaas,34,1921.69,1921.69,1921.69,1921.69,0,0
14,Kuehn,34,1908.85,1550.9,1550.9,1550.9,7,0
15,Moeller,34,1921.69,1921.69,1921.69,1921.69,0,0
16,Mueller,34,1921.69,1921.69,1921.69,1921.69,0,0
17,Multhaup,34,1556.93,1927.37,1943.31,1927.37,3,2
18,Nicolas,34,1921.69,1921.69,1921.69,1921.69,0,0
19,Reichel,34,1754.93,1953.15,1948.42,1945.24,2,1.5
20,Reis,34,1542.28,1909.29,1925.23,1909.29,4,2
21,Santos,34,1573.59,1937.55,1947.61,1963.24,5,3
22,Schmidt,34,1921.69,1921.69,1921.69,1921.69,0,0
23,Susac,34,1921.69,1921.69,1921.69,1921.69,0,0
24,Taffertshofer,34,1543.63,1910.96,1926.9,1910.96,6,2
25,Trapp,34,1555.73,1914.24,1912.1,1910.14,7,1
26,Wolze,34,1718.95,1911.4,1916.97,1911.4,4,1.75
0,Baumann,35,1918.59,1918.59,1918.59,1918.59,1,3
1,Bonmann,35,1932.09,1732.7,1732.7,1732.7,4,0
2,David,35,1920.68,1920.68,1920.68,1920.68,0,0
3,Dietz,35,1552.2,1900.34,1917.08,1911.73,6,1.5
4,Douglas,35,1920.68,1920.68,1920.68,1920.68,0,0
5,Ewerton,35,1920.68,1920.68,1920.68,1920.68,0,0
6,Feick,35,1735.51,1907.48,1914.81,1918.85,4,1
7,Feltscher,35,1719.67,1917.75,1912.19,1908.51,4,1
8,Giefer,35,1911.78,1911.78,1911.78,1911.78,1,0
9,Haegele,35,1730.55,1906.98,1897.36,1906.98,4,2
10,Hansen,35,1920.68,1920.68,1920.68,1920.68,0,0
11,Hasek,35,1916,1916,1916,1916,1,3
12,Hemmerich,35,1920.68,1920.68,1920.68,1920.68,0,0
13,Herrmann,35,1920.68,1920.68,1920.68,1920.68,0,0
14,Hoffmann,35,1920.68,1920.68,1920.68,1920.68,0,0
15,Kopacz,35,1739.91,1931.02,1934.74,1940.37,4,3
16,Kraulich,35,1558.17,1909.42,1911.19,1911.57,6,1
17,Lotric,35,1733.34,1910.09,1900.47,1910.09,2,2.5
18,Maierhofer,35,1920.68,1920.68,1920.68,1920.68,0,0
19,Meisel,35,1739.35,1937.9,1947.32,1937.9,3,2
20,Munsy,35,1572.39,1930.47,1932.14,1933.8,6,3
21,Nikolov,35,1920.68,1920.68,1920.68,1920.68,0,0
22,Pieringer,35,1574.1,1932.59,1934.26,1935.92,5,3
23,Ronstadt,35,1562.14,1914.33,1916.1,1916.47,4,1
24,Schweers,35,1920.68,1920.68,1920.68,1920.68,0,0
25,Sontheimer,35,1578.96,1938.4,1938.2,1938.4,5,2.4
26,Strohdiek,35,1728.77,1927.86,1922.3,1918.62,3,1
27,Toko,35,1920.68,1920.68,1920.68,1920.68,0,0
28,Unlu,35,1920.68,1920.68,1920.68,1920.68,0,0
29,Van_la_Parra,35,1735.47,1920.14,1918.09,1914.13,2,3
30,Verstappen,35,1893.71,1722.42,1722.42,1722.42,1,0
